check accuracy 0.2
[ 0.36517945  0.00165445  0.00371402  0.58989716  0.01460938  0.02494557]
[ 0.  0.  0.  0.  1.  0.]
[  2.20703539e-02   1.87668466e-05   1.38076648e-04   9.42315221e-01
   9.81370546e-03   2.56438255e-02]
[ 0.  0.  0.  1.  0.  0.]
[  4.90960032e-01   1.30683521e-03   3.65400803e-04   3.40758353e-01
   1.21353343e-01   4.52560000e-02]
[ 0.  0.  0.  1.  0.  0.]
[  4.49008644e-01   2.83709524e-04   1.03944610e-03   5.37936270e-01
   1.80775742e-03   9.92429070e-03]
[ 0.  0.  0.  0.  1.  0.]
[ 0.11969097  0.00815399  0.0555861   0.13563405  0.00796716  0.67296773]
[ 0.  0.  0.  0.  0.  1.]
[ 0.10559163  0.0024272   0.76166451  0.11210226  0.00613892  0.0120754 ]
[ 0.  0.  0.  1.  0.  0.]
[ 0.04008476  0.03866214  0.12310506  0.06478675  0.26329747  0.47006381]
[ 0.  0.  1.  0.  0.  0.]
[ 0.08065603  0.02138113  0.76303685  0.06930552  0.03255966  0.03306082]
[ 1.  0.  0.  0.  0.  0.]
[ 0.0092961   0.00684133  0.05525007  0.00967589  0.04903973  0.86989689]
[ 0.  0.  1.  0.  0.  0.]
[ 0.57124329  0.00274592  0.00107756  0.41072994  0.00906199  0.00514129]
[ 0.  0.  0.  1.  0.  0.]
[ 0.28518355  0.01526849  0.31393936  0.08953768  0.0143902   0.28168085]
[ 1.  0.  0.  0.  0.  0.]
[ 0.03120155  0.03436656  0.83821648  0.03503008  0.01656714  0.04461817]
[ 0.  0.  0.  0.  0.  1.]
[ 0.0541089   0.01141017  0.87820041  0.01157568  0.00607262  0.0386323 ]
[ 0.  0.  0.  0.  0.  1.]
[  5.10711402e-07   4.32054912e-06   9.93779480e-01   4.35225957e-06
   4.88100298e-08   6.21122774e-03]
[ 1.  0.  0.  0.  0.  0.]
[  3.74124007e-04   7.64092314e-04   1.37621788e-02   2.00471783e-04
   4.08074557e-04   9.84491050e-01]
[ 0.  0.  0.  0.  0.  1.]
[  6.55192533e-04   9.44401487e-04   9.57551181e-01   2.50057643e-03
   5.17500099e-04   3.78311947e-02]
[ 0.  0.  0.  0.  0.  1.]
[  5.59734739e-03   3.63005348e-03   1.46139238e-03   3.90156434e-04
   6.79425211e-05   9.88853097e-01]
[ 0.  1.  0.  0.  0.  0.]
[  6.14409566e-01   8.23678347e-05   4.92863946e-05   3.71062189e-01
   1.29671311e-02   1.42940076e-03]
[ 0.  0.  0.  0.  1.  0.]
[  1.24214232e-04   1.56350870e-04   9.11331117e-01   5.44484821e-04
   2.13881540e-05   8.78223404e-02]
[ 0.  1.  0.  0.  0.  0.]
[  9.05105472e-01   2.20775852e-04   5.05272346e-03   3.32141370e-02
   4.77650494e-04   5.59292883e-02]
[ 1.  0.  0.  0.  0.  0.]
check accuracy 0.3
[ 0.07772669  0.02319973  0.05847148  0.36598232  0.08554492  0.38907477]
[ 1.  0.  0.  0.  0.  0.]
[  1.44363858e-03   2.91708950e-03   8.86429071e-01   1.70381437e-03
   3.16324848e-04   1.07190169e-01]
[ 0.  1.  0.  0.  0.  0.]
[ 0.02612264  0.01834793  0.3177833   0.164258    0.0295318   0.44395623]
[ 0.  0.  0.  0.  1.  0.]
[ 0.28579378  0.00656143  0.3191193   0.33129278  0.00746586  0.04976689]
[ 0.  1.  0.  0.  0.  0.]
[  1.32653528e-04   1.13680871e-04   6.81417942e-01   1.84841076e-04
   4.05941246e-05   3.18110228e-01]
[ 0.  1.  0.  0.  0.  0.]
[ 0.0504434   0.03285533  0.23524442  0.10037105  0.22561444  0.35547137]
[ 1.  0.  0.  0.  0.  0.]
[  6.55022711e-02   2.77057934e-05   1.28298343e-04   9.31666017e-01
   5.60322136e-04   2.11545569e-03]
[ 0.  0.  0.  1.  0.  0.]
[ 0.16519848  0.00458185  0.63087142  0.10727867  0.00493245  0.0871372 ]
[ 0.  0.  0.  0.  0.  1.]
[ 0.05632282  0.00201785  0.8870995   0.0077423   0.00114276  0.04567476]
[ 0.  1.  0.  0.  0.  0.]
[ 0.05279974  0.06826266  0.15418443  0.08076795  0.42300966  0.22097562]
[ 0.  0.  1.  0.  0.  0.]
[ 0.13725431  0.00741206  0.30558184  0.03519588  0.01190561  0.5026502 ]
[ 0.  0.  0.  0.  0.  1.]
[ 0.30864176  0.00240456  0.06635191  0.4720993   0.02070304  0.12979943]
[ 1.  0.  0.  0.  0.  0.]
[  5.93373924e-02   8.42051231e-05   8.55624894e-05   9.35057342e-01
   2.99627800e-03   2.43927632e-03]
[ 0.  0.  0.  1.  0.  0.]
[  1.32391542e-01   7.01896672e-04   1.39999511e-02   8.37120175e-01
   3.97388451e-03   1.18126739e-02]
[ 0.  0.  0.  1.  0.  0.]
[ 0.00167685  0.01215549  0.9792099   0.00450303  0.00114147  0.00131323]
[ 0.  1.  0.  0.  0.  0.]
[ 0.47922525  0.13640188  0.15132475  0.18875685  0.04284026  0.00145093]
[ 0.  1.  0.  0.  0.  0.]
[ 0.09901188  0.07799726  0.10805141  0.04539226  0.10229819  0.567249  ]
[ 0.  0.  1.  0.  0.  0.]
[ 0.02521737  0.02670549  0.25306845  0.0969782   0.25330836  0.34472212]
[ 0.  0.  1.  0.  0.  0.]
[  1.16050273e-01   3.59871105e-04   6.19730330e-04   8.75770032e-01
   3.46167991e-03   3.73830972e-03]
[ 0.  0.  0.  1.  0.  0.]
[  3.41058135e-01   1.52792112e-04   1.96307214e-04   6.51159346e-01
   2.06082384e-03   5.37250470e-03]
[ 0.  0.  0.  1.  0.  0.]
check accuracy 0.1
[  1.42976714e-04   5.47623531e-05   9.65958416e-01   1.72543907e-04
   9.97438292e-06   3.36613953e-02]
[ 1.  0.  0.  0.  0.  0.]
[  1.02736037e-02   1.62792712e-05   3.15080455e-04   9.86824453e-01
   5.82037028e-04   1.98841328e-03]
[ 1.  0.  0.  0.  0.  0.]
[  8.88226088e-03   3.07353621e-05   8.16299944e-05   9.89815474e-01
   7.30944274e-04   4.58919589e-04]
[ 0.  0.  0.  1.  0.  0.]
[  2.69125831e-05   3.95297066e-05   2.50069046e-04   5.92182414e-06
   1.60190768e-06   9.99675989e-01]
[ 0.  1.  0.  0.  0.  0.]
[ 0.20254022  0.00399637  0.00884939  0.51720315  0.00426388  0.263147  ]
[ 1.  0.  0.  0.  0.  0.]
[ 0.07156851  0.0060926   0.00781108  0.54050845  0.08792579  0.28609362]
[ 0.  0.  0.  0.  1.  0.]
[ 0.17557214  0.16629389  0.05743644  0.06611373  0.51273942  0.0218443 ]
[ 0.  0.  0.  0.  1.  0.]
[ 0.28301048  0.0044513   0.4406434   0.18164106  0.00330582  0.08694784]
[ 0.  0.  0.  0.  1.  0.]
[ 0.17895032  0.00305306  0.0106403   0.75522423  0.03145399  0.02067811]
[ 0.  0.  0.  0.  1.  0.]
[ 0.03131238  0.01701736  0.91673183  0.01190111  0.00500073  0.0180366 ]
[ 1.  0.  0.  0.  0.  0.]
[ 0.14623421  0.03404947  0.33762261  0.06061603  0.11080852  0.31066915]
[ 0.  0.  0.  0.  1.  0.]
[  9.00436997e-01   7.75884928e-06   6.13201610e-06   8.76208991e-02
   7.12726905e-04   1.12154419e-02]
[ 0.  0.  0.  0.  1.  0.]
[  1.92887709e-03   2.21053022e-03   6.47260427e-01   1.82091573e-03
   1.94557826e-04   3.46584648e-01]
[ 1.  0.  0.  0.  0.  0.]
[  2.40537331e-01   6.43819658e-05   1.47826222e-05   7.57576942e-01
   1.40821422e-03   3.98245873e-04]
[ 0.  0.  0.  0.  1.  0.]
[  8.71019205e-04   2.90782400e-03   1.01689994e-03   3.64788939e-05
   4.26046900e-05   9.95125234e-01]
[ 0.  0.  0.  0.  1.  0.]
[ 0.24538881  0.13507505  0.00358686  0.07599993  0.32272261  0.2172267 ]
[ 0.  0.  0.  1.  0.  0.]
[ 0.88035518  0.00918271  0.01620679  0.0846748   0.00524562  0.00433478]
[ 0.  0.  0.  1.  0.  0.]
[  9.51944821e-06   4.09075483e-06   3.64742265e-03   6.78171375e-07
   2.01250714e-07   9.96338129e-01]
[ 0.  1.  0.  0.  0.  0.]
[ 0.05508425  0.0439497   0.31739324  0.10264929  0.33792868  0.14299482]
[ 0.  0.  1.  0.  0.  0.]
[  1.07178781e-02   6.83935741e-06   1.35223518e-05   9.88728523e-01
   4.03545419e-04   1.29677428e-04]
[ 0.  0.  0.  0.  1.  0.]
check accuracy 0.05
[ 0.30014014  0.01167559  0.06198804  0.34585696  0.19669354  0.08364573]
[ 1.  0.  0.  0.  0.  0.]
[  2.52284348e-01   1.55996386e-04   5.04128810e-04   7.23430574e-01
   7.77214253e-03   1.58527121e-02]
[ 0.  0.  0.  0.  1.  0.]
[ 0.22839954  0.00161241  0.00997119  0.70106035  0.01278192  0.04617459]
[ 0.  0.  0.  0.  1.  0.]
[  4.99264162e-04   3.71280912e-04   9.76549864e-01   2.51553999e-03
   2.17535693e-04   1.98464692e-02]
[ 0.  1.  0.  0.  0.  0.]
[  7.13405097e-06   1.23653126e-06   9.94617164e-01   2.82763012e-05
   2.83438794e-07   5.34603046e-03]
[ 0.  1.  0.  0.  0.  0.]
[  6.89831609e-07   2.90396179e-06   9.99873042e-01   2.50877770e-06
   1.23446853e-08   1.20902732e-04]
[ 1.  0.  0.  0.  0.  0.]
[ 0.31184775  0.0291466   0.03563791  0.30979121  0.30024976  0.01332677]
[ 0.  0.  0.  0.  1.  0.]
[ 0.02724936  0.03078551  0.19661227  0.07327562  0.20488501  0.4671922 ]
[ 0.  0.  1.  0.  0.  0.]
[  6.36707700e-05   9.80393997e-06   1.62180315e-03   2.30529736e-06
   2.73621055e-07   9.98302102e-01]
[ 0.  1.  0.  0.  0.  0.]
[  6.05094433e-02   6.37086923e-04   3.06434784e-04   5.63896727e-03
   4.16139665e-04   9.32491958e-01]
[ 1.  0.  0.  0.  0.  0.]
[ 0.04008774  0.03765079  0.1293267   0.06496823  0.24178882  0.48617774]
[ 0.  0.  1.  0.  0.  0.]
[  3.16206843e-01   1.82680378e-04   3.22619235e-05   6.79680288e-01
   1.92767323e-03   1.97027554e-03]
[ 0.  0.  0.  0.  1.  0.]
[  8.84918988e-01   1.92342399e-04   2.40606925e-04   1.13531820e-01
   7.23603123e-04   3.92699469e-04]
[ 0.  0.  0.  1.  0.  0.]
[  3.61209422e-01   3.11446260e-04   3.32672033e-04   6.11397266e-01
   5.23041049e-03   2.15187464e-02]
[ 0.  0.  0.  0.  1.  0.]
[  3.40530205e-05   7.59552131e-05   4.37314808e-01   6.35059478e-05
   2.71295849e-05   5.62484562e-01]
[ 0.  0.  0.  0.  0.  1.]
[  1.40875432e-04   3.45922221e-04   9.75515246e-01   7.07480765e-04
   1.23458231e-04   2.31669433e-02]
[ 0.  0.  0.  0.  0.  1.]
[  5.13156061e-04   2.30012287e-04   8.40399384e-01   1.78490276e-03
   2.17482564e-04   1.56855062e-01]
[ 0.  0.  0.  0.  0.  1.]
[ 0.74180621  0.04326459  0.12050905  0.073926    0.01612985  0.00436429]
[ 0.  1.  0.  0.  0.  0.]
[  5.70976626e-05   3.66429013e-05   9.18442845e-01   4.79358678e-05
   1.02718705e-05   8.14052075e-02]
[ 0.  1.  0.  0.  0.  0.]
[  6.73178074e-05   8.14954255e-05   9.23971713e-01   1.33108260e-04
   1.43762945e-05   7.57319480e-02]
[ 0.  0.  0.  0.  0.  1.]
check accuracy 0.15
[ 0.18325239  0.00147201  0.00351276  0.77116406  0.01809707  0.02250166]
[ 0.  0.  0.  0.  1.  0.]
[  2.75568008e-01   1.37606415e-03   5.10495389e-04   5.14924861e-02
   1.07757328e-02   6.60277188e-01]
[ 0.  0.  0.  1.  0.  0.]
[ 0.13908997  0.00180893  0.00211325  0.71749467  0.07374208  0.06575112]
[ 0.  0.  0.  0.  1.  0.]
[ 0.04923846  0.0418778   0.37516063  0.20236965  0.05287948  0.27847394]
[ 0.  1.  0.  0.  0.  0.]
[ 0.5938108   0.00166492  0.00143436  0.37280273  0.02821288  0.00207428]
[ 0.  0.  0.  0.  1.  0.]
[ 0.30198973  0.02875457  0.3565934   0.19828475  0.07640012  0.03797751]
[ 0.  0.  0.  1.  0.  0.]
[ 0.10684379  0.00699005  0.11002164  0.33157912  0.04222504  0.40234035]
[ 0.  0.  0.  0.  1.  0.]
[ 0.04300353  0.03916912  0.11296868  0.06639686  0.28050384  0.45795798]
[ 0.  0.  1.  0.  0.  0.]
[ 0.49916515  0.00089944  0.00100059  0.45275742  0.00446024  0.04171716]
[ 0.  0.  0.  0.  1.  0.]
[ 0.01135965  0.00440988  0.0017815   0.0011594   0.00263882  0.97865081]
[ 0.  0.  0.  0.  0.  1.]
[  7.05812767e-04   1.59779898e-04   9.84995306e-01   6.24867447e-04
   5.48770113e-05   1.34592764e-02]
[ 0.  0.  1.  0.  0.  0.]
[ 0.04365676  0.04034654  0.10759057  0.06318208  0.27509752  0.47012648]
[ 0.  0.  1.  0.  0.  0.]
[ 0.01650728  0.02075664  0.17487471  0.03053481  0.09012298  0.66720361]
[ 0.  0.  1.  0.  0.  0.]
[  4.80952207e-04   7.08636711e-04   9.72716987e-01   2.21970608e-03
   1.93670450e-04   2.36800201e-02]
[ 0.  0.  0.  0.  0.  1.]
[ 0.02661757  0.0069421   0.78227353  0.06341179  0.04220853  0.07854639]
[ 0.  0.  1.  0.  0.  0.]
[ 0.64647633  0.00950866  0.06070985  0.19410878  0.01400854  0.0751879 ]
[ 0.  1.  0.  0.  0.  0.]
[ 0.09408706  0.00118916  0.00226563  0.8740626   0.02197288  0.00642265]
[ 0.  0.  0.  0.  1.  0.]
[ 0.01961156  0.01299526  0.05415944  0.01918093  0.11050975  0.78354305]
[ 0.  0.  1.  0.  0.  0.]
[ 0.03927255  0.03503586  0.10104869  0.05150377  0.23857301  0.5345661 ]
[ 0.  0.  1.  0.  0.  0.]
[ 0.59769607  0.00628555  0.07978956  0.08321224  0.01458868  0.21842787]
[ 0.  1.  0.  0.  0.  0.]
check accuracy 0.2
[ 0.06226261  0.01969392  0.27802622  0.14194116  0.23836194  0.25971422]
[ 0.  0.  1.  0.  0.  0.]
[  9.53955948e-01   1.16328092e-03   7.80344417e-05   1.48945339e-02
   5.01351012e-03   2.48947497e-02]
[ 0.  0.  0.  1.  0.  0.]
[ 0.039091    0.03928575  0.13749813  0.06707623  0.2486172   0.46843174]
[ 0.  0.  1.  0.  0.  0.]
[ 0.02429225  0.00984826  0.61951786  0.05808537  0.00744739  0.28080887]
[ 0.  0.  0.  0.  1.  0.]
[ 0.08174063  0.00189541  0.54450768  0.03255787  0.00330382  0.33599463]
[ 0.  1.  0.  0.  0.  0.]
[  2.80060530e-01   7.52878477e-05   4.34007816e-05   7.03136027e-01
   9.74536035e-03   6.93937251e-03]
[ 0.  0.  0.  1.  0.  0.]
[  9.34496202e-05   6.90288871e-05   7.81051159e-01   9.38576995e-05
   1.60426043e-05   2.18676478e-01]
[ 0.  0.  0.  1.  0.  0.]
[ 0.00438077  0.01005446  0.89604104  0.00890226  0.00262056  0.0780009 ]
[ 0.  1.  0.  0.  0.  0.]
[  1.08586391e-03   1.46607985e-03   1.82133319e-03   7.89599435e-05
   1.83717682e-04   9.95364070e-01]
[ 0.  1.  0.  0.  0.  0.]
[ 0.13232532  0.00422088  0.32497823  0.07430821  0.00399199  0.46017534]
[ 0.  1.  0.  0.  0.  0.]
[  2.90214288e-04   3.47914582e-04   9.88414526e-01   1.00167480e-03
   1.24989238e-04   9.82064195e-03]
[ 0.  0.  0.  0.  0.  1.]
[  2.32347995e-01   5.19966743e-05   7.09441229e-05   7.56633103e-01
   3.06354417e-03   7.83245172e-03]
[ 0.  0.  0.  0.  1.  0.]
[  1.71839312e-01   4.54368681e-04   1.56639738e-03   7.97147274e-01
   5.76381106e-03   2.32289135e-02]
[ 0.  0.  0.  0.  1.  0.]
[ 0.80814135  0.0113911   0.08579303  0.07282774  0.01082981  0.01101701]
[ 1.  0.  0.  0.  0.  0.]
[ 0.01180892  0.01203767  0.38414219  0.0476755   0.096216    0.44811973]
[ 0.  0.  1.  0.  0.  0.]
[  4.05295264e-09   2.63708916e-10   1.00000000e+00   3.94280431e-09
   8.32685223e-12   1.59330806e-08]
[ 0.  0.  0.  1.  0.  0.]
[  2.68379807e-01   2.67084775e-04   4.93587181e-03   6.90136492e-01
   3.59419174e-03   3.26865464e-02]
[ 0.  0.  0.  1.  0.  0.]
[  2.49775196e-03   8.63489346e-04   5.80558419e-01   1.42038020e-03
   2.89973861e-04   4.14369971e-01]
[ 0.  0.  0.  0.  0.  1.]
[ 0.04931878  0.00240423  0.90618813  0.01731475  0.0032546   0.02151956]
[ 0.  0.  0.  0.  1.  0.]
[  2.66721996e-04   1.00550737e-04   3.24029714e-01   5.32685262e-05
   1.11757472e-05   6.75538540e-01]
[ 0.  1.  0.  0.  0.  0.]
check accuracy 0.2
[ 0.61858618  0.00253473  0.01315397  0.22077045  0.00406512  0.14088956]
[ 0.  1.  0.  0.  0.  0.]
[  9.17087436e-01   2.27008763e-06   7.15948147e-07   8.20163861e-02
   6.56275603e-04   2.36776192e-04]
[ 0.  0.  0.  1.  0.  0.]
[  1.44822011e-03   9.50875285e-04   2.10809112e-01   8.12595594e-04
   1.67391379e-04   7.85811722e-01]
[ 0.  0.  0.  1.  0.  0.]
[  3.61209422e-01   3.11446260e-04   3.32672033e-04   6.11397266e-01
   5.23041049e-03   2.15187464e-02]
[ 0.  0.  0.  0.  1.  0.]
[ 0.0241094   0.01499713  0.61213833  0.10796659  0.05668145  0.18410714]
[ 0.  0.  0.  0.  0.  1.]
[  3.74380592e-03   2.30419659e-03   5.39533436e-01   2.70790257e-03
   5.06151293e-04   4.51204479e-01]
[ 0.  0.  0.  0.  0.  1.]
[ 0.03344631  0.07896001  0.05191686  0.02337088  0.04328062  0.76902533]
[ 0.  0.  0.  0.  1.  0.]
[ 0.03144886  0.00704206  0.74599713  0.01559792  0.00343379  0.1964802 ]
[ 0.  1.  0.  0.  0.  0.]
[  8.89032483e-01   1.34733025e-04   5.17478155e-04   1.05522268e-01
   2.75064900e-04   4.51808143e-03]
[ 1.  0.  0.  0.  0.  0.]
[ 0.00997097  0.0052108   0.20831276  0.01475851  0.02940255  0.73234439]
[ 0.  0.  0.  0.  0.  1.]
[ 0.13563718  0.00152195  0.06395627  0.66782147  0.01133792  0.11972523]
[ 1.  0.  0.  0.  0.  0.]
[ 0.02238798  0.00312867  0.16560292  0.09033892  0.00762078  0.71092075]
[ 0.  0.  0.  1.  0.  0.]
[  5.70049994e-02   2.44513813e-05   1.31309380e-05   9.40871060e-01
   1.87546248e-03   2.10899612e-04]
[ 0.  0.  0.  0.  1.  0.]
[ 0.07817871  0.08728509  0.15265128  0.09519677  0.46839997  0.1182882 ]
[ 0.  0.  1.  0.  0.  0.]
[ 0.11653268  0.06078337  0.30187434  0.13526262  0.36829194  0.01725499]
[ 0.  0.  1.  0.  0.  0.]
[ 0.21396287  0.01189875  0.22861549  0.50459743  0.0277396   0.01318589]
[ 0.  0.  0.  0.  0.  1.]
[  6.45372808e-01   3.53951065e-04   1.49858673e-03   9.98526439e-02
   1.49896101e-03   2.51422971e-01]
[ 1.  0.  0.  0.  0.  0.]
[ 0.16952072  0.02832976  0.65496421  0.079214    0.03733787  0.03063345]
[ 0.  0.  0.  0.  0.  1.]
[  4.83727129e-03   5.99696301e-04   9.65577722e-01   2.64850259e-02
   5.50822588e-04   1.94945757e-03]
[ 1.  0.  0.  0.  0.  0.]
[ 0.33194202  0.0013283   0.00141299  0.45896238  0.02922869  0.17712551]
[ 0.  0.  0.  1.  0.  0.]
check accuracy 0.25
[  5.84531575e-04   5.54980186e-04   8.88512194e-01   2.46696337e-03
   4.24976664e-04   1.07456446e-01]
[ 0.  0.  0.  0.  0.  1.]
[  1.92729339e-01   5.21917595e-04   4.43909667e-04   7.29796648e-01
   4.91102338e-02   2.73979250e-02]
[ 0.  0.  0.  1.  0.  0.]
[  9.19292623e-04   6.22591586e-04   5.72052959e-04   3.58459729e-05
   1.54976478e-05   9.97834742e-01]
[ 0.  1.  0.  0.  0.  0.]
[ 0.03641593  0.03474414  0.16056687  0.07943601  0.27805066  0.41078639]
[ 0.  0.  1.  0.  0.  0.]
[ 0.03677152  0.03187271  0.19387498  0.09229045  0.29759273  0.3475976 ]
[ 0.  0.  1.  0.  0.  0.]
[  1.90699324e-01   1.68960847e-04   4.20371129e-04   7.99957216e-01
   3.73606174e-03   5.01804426e-03]
[ 1.  0.  0.  0.  0.  0.]
[ 0.07699379  0.03620817  0.06430069  0.13220951  0.04488244  0.64540541]
[ 0.  0.  0.  0.  1.  0.]
[  7.91188776e-02   6.23400920e-05   3.27130838e-05   9.04233634e-01
   1.20522911e-02   4.50010458e-03]
[ 0.  0.  0.  0.  1.  0.]
[ 0.02168402  0.01239946  0.49628729  0.06953397  0.07661244  0.32348275]
[ 0.  0.  1.  0.  0.  0.]
[ 0.15851836  0.00175622  0.0220766   0.79622293  0.00951753  0.01190842]
[ 0.  0.  0.  0.  1.  0.]
[  2.14934279e-03   1.43241708e-03   1.85139626e-01   5.65213268e-04
   2.65012175e-04   8.10448408e-01]
[ 0.  1.  0.  0.  0.  0.]
[ 0.24885477  0.00245947  0.01257466  0.47969738  0.0166166   0.23979719]
[ 0.  0.  0.  0.  1.  0.]
[ 0.03852559  0.03549157  0.12481067  0.06497134  0.26321295  0.47298792]
[ 0.  0.  1.  0.  0.  0.]
[ 0.01256725  0.05139582  0.90221924  0.01135687  0.01831386  0.00414691]
[ 0.  0.  0.  1.  0.  0.]
[  1.98710877e-05   5.32036611e-05   1.07764453e-03   1.96582914e-06
   4.85404553e-06   9.98842537e-01]
[ 0.  0.  0.  0.  0.  1.]
[  9.93049383e-01   7.28439954e-06   5.86243345e-07   6.16556313e-03
   3.60387698e-04   4.16766299e-04]
[ 0.  0.  0.  1.  0.  0.]
[ 0.01547107  0.0041172   0.03929901  0.00655829  0.00228601  0.93226838]
[ 0.  0.  0.  0.  0.  1.]
[ 0.02987977  0.02599633  0.1204972   0.04544083  0.18065882  0.59752703]
[ 0.  0.  1.  0.  0.  0.]
[  1.97512526e-02   3.19631581e-05   5.02125986e-05   9.76306736e-01
   3.09697003e-03   7.62888347e-04]
[ 0.  0.  0.  1.  0.  0.]
[  5.60780019e-02   4.57065325e-04   9.11950827e-01   3.86706437e-03
   2.80957931e-04   2.73661427e-02]
[ 0.  0.  0.  0.  1.  0.]
check accuracy 0.1
[ 0.02678516  0.02811228  0.20183556  0.07071894  0.23686989  0.43567824]
[ 0.  0.  1.  0.  0.  0.]
[ 0.03327152  0.02944503  0.26779982  0.09117035  0.19380052  0.38451275]
[ 0.  0.  0.  0.  0.  1.]
[ 0.07334032  0.0142924   0.87343431  0.01382485  0.00582961  0.01927853]
[ 0.  0.  0.  0.  0.  1.]
[  7.52389058e-02   2.25193035e-05   1.12073340e-05   9.21105087e-01
   2.66246404e-03   9.59892233e-04]
[ 0.  0.  0.  0.  1.  0.]
[ 0.3680602   0.02247712  0.04164241  0.51763916  0.04292613  0.00725498]
[ 1.  0.  0.  0.  0.  0.]
[ 0.27263245  0.28810054  0.08502209  0.16537754  0.129812    0.05905543]
[ 0.  0.  1.  0.  0.  0.]
[ 0.07407684  0.07733659  0.13991848  0.08367919  0.56617117  0.05881777]
[ 0.  0.  1.  0.  0.  0.]
[ 0.23369427  0.0092559   0.16364643  0.22305077  0.03792498  0.33242765]
[ 0.  0.  0.  0.  0.  1.]
[  3.94696508e-05   8.18374974e-06   9.79633689e-01   6.12385120e-05
   1.33771243e-06   2.02562362e-02]
[ 0.  1.  0.  0.  0.  0.]
[ 0.02414812  0.0080764   0.88666087  0.05483717  0.00611219  0.02016523]
[ 0.  0.  0.  0.  0.  1.]
[  1.78074554e-01   4.38904099e-04   6.08584087e-04   7.97241449e-01
   4.87254653e-03   1.87639408e-02]
[ 0.  0.  0.  0.  1.  0.]
[  2.71831377e-04   1.15635448e-04   9.56298590e-01   2.11956591e-04
   1.36154504e-05   4.30885032e-02]
[ 0.  1.  0.  0.  0.  0.]
[  3.79927456e-01   4.08481603e-04   5.41013002e-01   5.12330234e-02
   6.58696517e-04   2.67594643e-02]
[ 0.  1.  0.  0.  0.  0.]
[ 0.20799451  0.00961255  0.06210189  0.391886    0.02223267  0.30617237]
[ 0.  1.  0.  0.  0.  0.]
[ 0.04305679  0.01727163  0.85723627  0.01309344  0.00617744  0.06316447]
[ 0.  0.  0.  1.  0.  0.]
[ 0.12296271  0.07308313  0.74600941  0.02868845  0.01285833  0.01639802]
[ 0.  1.  0.  0.  0.  0.]
[ 0.11804229  0.02949642  0.01689764  0.228471    0.58921224  0.01788038]
[ 1.  0.  0.  0.  0.  0.]
[ 0.00199046  0.00261782  0.01444419  0.00151415  0.01062835  0.96880507]
[ 0.  0.  1.  0.  0.  0.]
[ 0.08679835  0.00926346  0.47461706  0.04838677  0.04168266  0.33925164]
[ 0.  1.  0.  0.  0.  0.]
[  7.36366957e-02   3.81956168e-04   5.16806671e-04   1.28421723e-03
   9.12495889e-05   9.24089074e-01]
[ 1.  0.  0.  0.  0.  0.]
check accuracy 0.55
[ 0.06444618  0.01389098  0.81583828  0.02784887  0.01087144  0.06710425]
[ 1.  0.  0.  0.  0.  0.]
[ 0.00432026  0.01304559  0.70172626  0.01958647  0.02012538  0.24119608]
[ 0.  0.  1.  0.  0.  0.]
[  2.21587062e-01   5.46323252e-04   2.19651178e-04   7.43333042e-01
   3.14577147e-02   2.85622431e-03]
[ 0.  0.  0.  1.  0.  0.]
[ 0.04629182  0.02200474  0.78995711  0.0590167   0.0495231   0.0332066 ]
[ 0.  0.  1.  0.  0.  0.]
[ 0.04553749  0.01796083  0.26443955  0.1285547   0.2494259   0.2940816 ]
[ 0.  0.  0.  0.  0.  1.]
[ 0.04091171  0.02434012  0.28343803  0.12790899  0.31242678  0.2109744 ]
[ 0.  0.  1.  0.  0.  0.]
[ 0.10959839  0.00631736  0.09563352  0.01620763  0.00186979  0.77037323]
[ 0.  1.  0.  0.  0.  0.]
[ 0.02998235  0.02153383  0.73439646  0.04211491  0.04223206  0.12974049]
[ 0.  0.  1.  0.  0.  0.]
[  9.08873044e-05   3.17941740e-04   9.96513665e-01   2.61763082e-04
   9.39270831e-06   2.80630519e-03]
[ 0.  0.  1.  0.  0.  0.]
[ 0.05887273  0.00758739  0.21277243  0.47829813  0.01266937  0.22979999]
[ 0.  0.  0.  0.  1.  0.]
[ 0.00644175  0.00876946  0.24634691  0.01360191  0.00670792  0.71813202]
[ 0.  0.  0.  0.  0.  1.]
[  1.27615705e-02   1.30097903e-02   9.55694995e-04   2.93712970e-03
   1.43276202e-03   9.68903124e-01]
[ 1.  0.  0.  0.  0.  0.]
[ 0.00476654  0.00293312  0.10015182  0.00422428  0.00132825  0.88659602]
[ 0.  0.  0.  0.  0.  1.]
[ 0.37778258  0.00178755  0.00162326  0.26758423  0.04421812  0.30700424]
[ 0.  0.  0.  1.  0.  0.]
[ 0.0855827   0.01644461  0.39092129  0.05455474  0.05406813  0.39842859]
[ 0.  0.  0.  0.  0.  1.]
[  8.26883188e-05   1.37248237e-04   5.49259456e-03   4.46410413e-05
   2.68911881e-05   9.94215906e-01]
[ 0.  0.  0.  0.  0.  1.]
[  9.20740783e-01   7.26792496e-03   1.60564567e-04   5.15490286e-02
   2.35286029e-03   1.79287456e-02]
[ 0.  0.  0.  1.  0.  0.]
[  4.31488175e-03   2.35984800e-03   3.96959931e-02   1.00193825e-03
   3.69667221e-04   9.52257633e-01]
[ 0.  0.  0.  0.  1.  0.]
[ 0.2684986   0.01109491  0.07982889  0.47663417  0.02499877  0.13894467]
[ 0.  0.  0.  0.  1.  0.]
[  3.63537809e-04   4.89870727e-04   9.79866326e-01   2.62070168e-03
   4.52993292e-04   1.62065886e-02]
[ 0.  0.  1.  0.  0.  0.]
check accuracy 0.25
[ 0.07064123  0.00859534  0.00368063  0.02061638  0.00440289  0.89206356]
[ 0.  0.  0.  0.  1.  0.]
[ 0.13705754  0.00075695  0.00141923  0.73195952  0.06994852  0.05885821]
[ 0.  0.  0.  0.  1.  0.]
[ 0.01264036  0.01837212  0.56975293  0.02957252  0.03304996  0.33661208]
[ 0.  0.  1.  0.  0.  0.]
[  7.89461265e-05   2.41405760e-05   9.95497465e-01   2.97993993e-05
   1.58678040e-06   4.36807657e-03]
[ 0.  1.  0.  0.  0.  0.]
[ 0.34852672  0.00155933  0.00153951  0.53875494  0.01192288  0.09769659]
[ 0.  0.  0.  0.  1.  0.]
[ 0.04628962  0.0230849   0.19852094  0.08838807  0.23145345  0.41226301]
[ 0.  0.  1.  0.  0.  0.]
[ 0.44626403  0.00061196  0.00081499  0.44707915  0.01463371  0.09059615]
[ 0.  0.  0.  1.  0.  0.]
[  1.48239002e-01   9.58992241e-05   1.40032455e-04   7.74563909e-01
   3.43008190e-02   4.26603183e-02]
[ 0.  0.  0.  0.  1.  0.]
[  1.64135024e-02   7.55355286e-04   8.20386782e-03   8.91980773e-04
   1.09736276e-04   9.73625600e-01]
[ 1.  0.  0.  0.  0.  0.]
[  3.58145044e-05   6.82973041e-05   2.46637091e-01   3.44676409e-05
   1.54735335e-05   7.53208876e-01]
[ 0.  0.  0.  0.  0.  1.]
[ 0.06226261  0.01969392  0.27802622  0.14194116  0.23836194  0.25971422]
[ 0.  0.  1.  0.  0.  0.]
[  7.26183178e-04   6.95289054e-04   4.79187481e-02   1.73094479e-04
   2.37902597e-04   9.50248778e-01]
[ 0.  1.  0.  0.  0.  0.]
[  3.05137038e-03   1.33316891e-04   9.55593944e-01   2.55498220e-03
   8.42840600e-05   3.85819525e-02]
[ 0.  1.  0.  0.  0.  0.]
[ 0.05887273  0.00758739  0.21277243  0.47829813  0.01266937  0.22979999]
[ 0.  0.  0.  0.  1.  0.]
[  9.38497763e-03   1.00453186e-03   6.45370632e-02   1.43758813e-03
   2.21847164e-04   9.23413932e-01]
[ 1.  0.  0.  0.  0.  0.]
[  4.50541735e-01   4.60709416e-04   1.80331437e-04   5.16210556e-01
   6.59190072e-03   2.60147601e-02]
[ 0.  0.  0.  1.  0.  0.]
[ 0.0361975   0.03198821  0.14710729  0.07087243  0.24948747  0.46434706]
[ 0.  0.  1.  0.  0.  0.]
[ 0.3724865   0.00155107  0.00171908  0.08967654  0.00813945  0.52642733]
[ 0.  0.  0.  1.  0.  0.]
[ 0.1478578   0.01813636  0.46061403  0.15343075  0.08587538  0.1340857 ]
[ 1.  0.  0.  0.  0.  0.]
[ 0.10013511  0.03346469  0.30732897  0.1738354   0.30959472  0.07564113]
[ 0.  1.  0.  0.  0.  0.]
check accuracy 0.2
[ 0.00262569  0.0013148   0.88672233  0.00680671  0.00321142  0.09931901]
[ 0.  0.  0.  0.  0.  1.]
[ 0.14751369  0.00113469  0.7111088   0.01974052  0.00096827  0.11953406]
[ 1.  0.  0.  0.  0.  0.]
[ 0.03511027  0.03301501  0.15389985  0.07234091  0.24913685  0.45649713]
[ 0.  0.  1.  0.  0.  0.]
[  7.45876343e-04   8.41432775e-04   1.32482782e-01   8.64845584e-04
   1.68665498e-03   8.63378406e-01]
[ 0.  1.  0.  0.  0.  0.]
[  1.26303930e-04   5.94539815e-05   9.53453958e-01   3.21534986e-04
   2.59021799e-05   4.60128412e-02]
[ 0.  0.  0.  0.  0.  1.]
[  9.24869716e-01   4.17311696e-07   2.43059219e-07   7.50707462e-02
   4.76644491e-05   1.12194912e-05]
[ 0.  0.  0.  1.  0.  0.]
[  8.27149972e-02   4.40228730e-04   2.59085675e-04   8.77207756e-01
   2.68954169e-02   1.24824224e-02]
[ 0.  0.  0.  1.  0.  0.]
[ 0.03623134  0.03573057  0.11468392  0.05418449  0.224751    0.5344187 ]
[ 0.  0.  1.  0.  0.  0.]
[ 0.08360679  0.08932076  0.06777486  0.05667226  0.47558117  0.22704414]
[ 0.  0.  1.  0.  0.  0.]
[ 0.12513795  0.00179053  0.01249396  0.75434184  0.01910068  0.08713505]
[ 0.  0.  0.  1.  0.  0.]
[  5.66348374e-01   3.47459805e-04   1.92298926e-03   2.13694293e-02
   3.32233612e-03   4.06689346e-01]
[ 0.  0.  0.  0.  1.  0.]
[  1.23418355e-02   2.58464424e-04   4.74737406e-01   5.27739571e-03
   2.63761351e-04   5.07121146e-01]
[ 0.  1.  0.  0.  0.  0.]
[ 0.30981973  0.000727    0.00259201  0.67162389  0.00842086  0.00681646]
[ 0.  0.  0.  0.  0.  1.]
[ 0.02310874  0.10323533  0.12359529  0.16600087  0.29948163  0.28457808]
[ 1.  0.  0.  0.  0.  0.]
[ 0.08886275  0.00560845  0.04615255  0.38939804  0.01192973  0.45804837]
[ 1.  0.  0.  0.  0.  0.]
[  1.54961690e-05   1.30013686e-05   4.97539341e-01   6.33963427e-05
   2.22310541e-06   5.02366602e-01]
[ 0.  0.  0.  0.  0.  1.]
[  2.80327804e-04   8.50961660e-05   1.70016643e-02   6.96252973e-05
   2.59559583e-05   9.82537329e-01]
[ 0.  0.  0.  0.  0.  1.]
[  9.14898396e-01   1.01167973e-06   1.21664198e-06   8.50453451e-02
   1.77746679e-05   3.63598774e-05]
[ 0.  0.  0.  1.  0.  0.]
[  5.98960929e-02   4.42049321e-04   8.22522212e-04   9.29014206e-01
   4.20528324e-03   5.61984163e-03]
[ 0.  0.  0.  0.  1.  0.]
[ 0.23338093  0.04404181  0.06689909  0.17850803  0.40627289  0.07089722]
[ 0.  0.  0.  1.  0.  0.]
check accuracy 0.25
[ 0.36098042  0.10587277  0.06176348  0.20552824  0.25578561  0.01006942]
[ 0.  0.  1.  0.  0.  0.]
[ 0.36418381  0.02200299  0.29038179  0.22609416  0.04652373  0.05081343]
[ 0.  0.  0.  0.  0.  1.]
[  9.48473930e-01   2.11622030e-03   6.44141901e-03   1.93911865e-02
   9.02228465e-04   2.26749405e-02]
[ 1.  0.  0.  0.  0.  0.]
[ 0.01470078  0.0038963   0.1367839   0.01930642  0.00172336  0.82358921]
[ 1.  0.  0.  0.  0.  0.]
[  4.09044400e-02   1.18679017e-01   3.56487115e-04   1.88469409e-03
   6.16642181e-04   8.37558746e-01]
[ 0.  0.  0.  1.  0.  0.]
[  9.00436997e-01   7.75884928e-06   6.13201610e-06   8.76208991e-02
   7.12726905e-04   1.12154419e-02]
[ 0.  0.  0.  0.  1.  0.]
[  3.85751482e-05   5.20231115e-05   8.97612810e-01   1.64325993e-05
   2.29605689e-06   1.02277867e-01]
[ 0.  1.  0.  0.  0.  0.]
[  2.34803725e-02   3.33905009e-05   1.83789307e-04   9.73729789e-01
   1.76105404e-03   8.11615901e-04]
[ 0.  0.  0.  1.  0.  0.]
[  7.31043518e-04   2.91589036e-04   3.23552519e-01   1.10877666e-03
   8.73442550e-05   6.74228787e-01]
[ 0.  0.  1.  0.  0.  0.]
[  9.09758674e-05   2.41636226e-04   9.12110880e-02   8.42021836e-05
   3.15707621e-05   9.08340514e-01]
[ 0.  0.  0.  0.  0.  1.]
[ 0.15924287  0.0542401   0.03339054  0.0822449   0.65239513  0.01848644]
[ 1.  0.  0.  0.  0.  0.]
[ 0.03683645  0.03681814  0.12314107  0.06054516  0.24588089  0.49677834]
[ 0.  0.  1.  0.  0.  0.]
[  2.91335280e-04   9.73496528e-04   2.44570673e-01   5.26874617e-04
   2.19279493e-04   7.53418326e-01]
[ 0.  0.  0.  0.  0.  1.]
[ 0.21027586  0.0301343   0.11101257  0.14247932  0.45873821  0.04735974]
[ 0.  0.  1.  0.  0.  0.]
[  8.90478566e-02   8.88237628e-05   9.75736402e-05   8.99820387e-01
   5.99291176e-03   4.95242560e-03]
[ 0.  0.  0.  0.  1.  0.]
[  3.20479776e-05   2.84068283e-05   1.01278396e-02   8.52935773e-06
   5.92519928e-06   9.89797235e-01]
[ 0.  0.  0.  0.  0.  1.]
[ 0.24435911  0.18034986  0.25560963  0.08676592  0.14888145  0.08403398]
[ 1.  0.  0.  0.  0.  0.]
[  2.13200793e-01   5.67263342e-04   3.07680428e-04   1.96263641e-01
   6.53121062e-03   5.83129466e-01]
[ 0.  0.  0.  0.  1.  0.]
[ 0.57478541  0.00115367  0.00315493  0.19043884  0.0270365   0.20343061]
[ 0.  0.  0.  0.  1.  0.]
[  5.80027758e-04   5.12779516e-04   9.35437441e-01   3.59241478e-03
   1.01024925e-03   5.88671379e-02]
[ 0.  0.  0.  0.  0.  1.]
check accuracy 0.15
[ 0.065364    0.04376769  0.19011034  0.10407709  0.44249716  0.1541837 ]
[ 0.  0.  1.  0.  0.  0.]
[ 0.27953246  0.04145222  0.00138024  0.03868469  0.0051743   0.63377607]
[ 0.  1.  0.  0.  0.  0.]
[  1.20780878e-01   4.10120294e-04   1.21831871e-03   8.62404883e-01
   1.05949407e-02   4.59079538e-03]
[ 1.  0.  0.  0.  0.  0.]
[ 0.03225806  0.02986733  0.14764719  0.06042142  0.22156517  0.50824082]
[ 0.  0.  1.  0.  0.  0.]
[  1.28372476e-05   8.46013354e-05   6.09643648e-05   1.14634031e-06
   5.58945430e-07   9.99839902e-01]
[ 0.  0.  0.  0.  0.  1.]
[  1.90634129e-03   8.55102553e-04   9.70567942e-01   8.51085118e-04
   1.35385548e-04   2.56841742e-02]
[ 0.  1.  0.  0.  0.  0.]
[ 0.02228053  0.02245429  0.23742212  0.07418194  0.18413772  0.45952341]
[ 0.  0.  1.  0.  0.  0.]
[ 0.14128734  0.01782644  0.2405903   0.13171293  0.30752569  0.16105729]
[ 0.  0.  1.  0.  0.  0.]
[ 0.02512376  0.0095448   0.57944763  0.10276686  0.12239312  0.16072382]
[ 0.  0.  1.  0.  0.  0.]
[ 0.35212028  0.00272584  0.01052191  0.58562315  0.00717154  0.04183727]
[ 1.  0.  0.  0.  0.  0.]
[ 0.54245394  0.06026626  0.2547431   0.0516869   0.04694971  0.04390003]
[ 0.  0.  0.  0.  0.  1.]
[ 0.00550051  0.01382652  0.94427103  0.00466834  0.00150409  0.03022958]
[ 0.  1.  0.  0.  0.  0.]
[ 0.20494774  0.00649293  0.11304803  0.20296913  0.02830631  0.44423592]
[ 1.  0.  0.  0.  0.  0.]
[ 0.20392191  0.00139577  0.75214165  0.0222367   0.00183501  0.01846899]
[ 0.  0.  0.  0.  1.  0.]
[  4.45462734e-04   1.97819027e-04   9.92778599e-01   1.55510986e-03
   6.30458890e-05   4.95995814e-03]
[ 1.  0.  0.  0.  0.  0.]
[  2.75981001e-04   2.61952227e-04   1.82608189e-03   3.20446416e-05
   9.68081986e-06   9.97594297e-01]
[ 0.  1.  0.  0.  0.  0.]
[  6.90521896e-01   4.25086437e-05   1.67581857e-05   2.93210924e-01
   1.65897596e-03   1.45489089e-02]
[ 0.  0.  0.  1.  0.  0.]
[ 0.37226784  0.00085655  0.00102522  0.58093482  0.02673246  0.01818312]
[ 0.  0.  0.  0.  1.  0.]
[ 0.15942781  0.01231638  0.19753058  0.16839261  0.04256143  0.41977113]
[ 0.  0.  0.  1.  0.  0.]
[ 0.18605843  0.00678172  0.03186466  0.62777501  0.13256271  0.01495744]
[ 0.  0.  0.  1.  0.  0.]
check accuracy 0
[ 0.04131331  0.02893664  0.18078414  0.07561324  0.24701074  0.42634195]
[ 0.  0.  1.  0.  0.  0.]
[  1.12170796e-03   8.50858167e-04   8.52282226e-01   4.78446600e-04
   1.85212222e-04   1.45081609e-01]
[ 1.  0.  0.  0.  0.  0.]
[ 0.04071941  0.03981636  0.11764635  0.06101799  0.25354436  0.48725554]
[ 0.  0.  1.  0.  0.  0.]
[ 0.13486525  0.00208047  0.71523279  0.07216237  0.00321121  0.07244789]
[ 1.  0.  0.  0.  0.  0.]
[ 0.1335953   0.00208861  0.00228801  0.04515422  0.02005958  0.79681426]
[ 0.  0.  0.  1.  0.  0.]
[ 0.09247814  0.00195291  0.00472931  0.42425284  0.00483424  0.47175258]
[ 1.  0.  0.  0.  0.  0.]
[ 0.02180051  0.02101475  0.20618707  0.05263256  0.1508916   0.54747349]
[ 0.  0.  1.  0.  0.  0.]
[ 0.03651233  0.03414193  0.11473334  0.05253652  0.20898764  0.55308825]
[ 0.  0.  1.  0.  0.  0.]
[ 0.52276605  0.00072021  0.30640939  0.09666767  0.00135195  0.07208468]
[ 0.  0.  0.  1.  0.  0.]
[ 0.02368364  0.02183276  0.17143804  0.04889913  0.15905178  0.57509464]
[ 0.  0.  1.  0.  0.  0.]
[ 0.02749524  0.02768717  0.13256933  0.05008345  0.20567836  0.55648643]
[ 0.  0.  1.  0.  0.  0.]
[  4.95741004e-03   7.21501186e-04   1.27085494e-02   2.70918128e-03
   1.09949033e-04   9.78793442e-01]
[ 0.  1.  0.  0.  0.  0.]
[ 0.8204419   0.00745621  0.0155036   0.04746391  0.00395982  0.10517449]
[ 0.  0.  0.  0.  1.  0.]
[  5.11139870e-01   1.45922962e-03   3.05198802e-04   3.96895140e-01
   1.73827112e-02   7.28178546e-02]
[ 0.  0.  0.  1.  0.  0.]
[ 0.10455472  0.00193069  0.65614182  0.05318924  0.0033314   0.18085213]
[ 1.  0.  0.  0.  0.  0.]
[ 0.03476787  0.00489457  0.00314319  0.08006354  0.01262721  0.86450362]
[ 0.  0.  0.  1.  0.  0.]
[ 0.02004903  0.03093773  0.10823394  0.03098625  0.1684157   0.64137739]
[ 0.  0.  1.  0.  0.  0.]
[  1.88169908e-02   5.22595225e-03   8.73099506e-01   5.85134327e-03
   2.46553012e-04   9.67596620e-02]
[ 1.  0.  0.  0.  0.  0.]
[  2.08495255e-03   1.99606153e-03   7.90290476e-04   4.81079514e-05
   2.52626069e-05   9.95055318e-01]
[ 0.  1.  0.  0.  0.  0.]
[ 0.34103954  0.00077586  0.00214737  0.03349072  0.0014411   0.62110543]
[ 1.  0.  0.  0.  0.  0.]
check accuracy 0.15
[  5.74453592e-01   2.05460619e-05   2.34354648e-05   4.15574223e-01
   2.08997400e-03   7.83832278e-03]
[ 0.  0.  0.  1.  0.  0.]
[ 0.0586786   0.00213278  0.9171741   0.0095422   0.00141418  0.0110582 ]
[ 0.  0.  0.  0.  0.  1.]
[  4.47855704e-03   4.10959648e-04   9.43789423e-01   4.48497869e-02
   3.84569488e-04   6.08671736e-03]
[ 0.  1.  0.  0.  0.  0.]
[ 0.04460474  0.03294053  0.15638943  0.10647431  0.28612968  0.37346134]
[ 0.  0.  1.  0.  0.  0.]
[  2.89028604e-03   5.42135385e-04   5.67769282e-04   3.07065959e-04
   1.03785140e-04   9.95589018e-01]
[ 0.  0.  0.  0.  0.  1.]
[  1.30853727e-01   2.36960375e-04   5.07000019e-04   8.53981316e-01
   5.37382206e-03   9.04720929e-03]
[ 0.  0.  0.  0.  1.  0.]
[ 0.17806999  0.00961183  0.07054048  0.0455972   0.05973913  0.63644141]
[ 0.  0.  1.  0.  0.  0.]
[ 0.00592821  0.00371507  0.05352123  0.00710962  0.02469514  0.90503067]
[ 0.  0.  1.  0.  0.  0.]
[ 0.01407245  0.02370999  0.51208913  0.03715784  0.06086394  0.35210666]
[ 0.  0.  1.  0.  0.  0.]
[  2.89345131e-04   8.62159242e-04   9.67101991e-01   4.17748350e-04
   1.09201828e-04   3.12195420e-02]
[ 0.  1.  0.  0.  0.  0.]
[  7.82056749e-01   7.41540862e-05   2.24619813e-04   2.16651753e-01
   4.23632271e-04   5.69126569e-04]
[ 0.  0.  0.  1.  0.  0.]
[ 0.03511027  0.03301501  0.15389985  0.07234091  0.24913685  0.45649713]
[ 0.  0.  1.  0.  0.  0.]
[ 0.09906155  0.0526044   0.05287661  0.61886686  0.0755804   0.10101014]
[ 0.  1.  0.  0.  0.  0.]
[ 0.12496836  0.03568032  0.69069052  0.0526941   0.02764744  0.06831929]
[ 0.  0.  0.  1.  0.  0.]
[  7.29332751e-05   1.76945323e-05   9.72986042e-01   5.48076569e-05
   2.40136796e-06   2.68660281e-02]
[ 0.  1.  0.  0.  0.  0.]
[  7.89154228e-03   1.67330527e-05   5.14587700e-05   9.88061786e-01
   3.14117805e-03   8.37356376e-04]
[ 0.  0.  0.  0.  1.  0.]
[ 0.24824743  0.00530302  0.00119417  0.21464899  0.00870332  0.52190304]
[ 0.  0.  0.  0.  1.  0.]
[  2.03542841e-05   2.06727291e-05   4.31070216e-02   1.25010574e-05
   2.61653349e-06   9.56836879e-01]
[ 0.  0.  0.  0.  0.  1.]
[  9.70837057e-01   6.99647528e-04   2.76870105e-05   2.09857058e-02
   1.47904840e-03   5.97091718e-03]
[ 0.  0.  0.  1.  0.  0.]
[ 0.35434443  0.014921    0.26816809  0.13292927  0.05978185  0.16985539]
[ 0.  0.  0.  1.  0.  0.]
check accuracy 0.15
[ 0.34804356  0.00159749  0.00370353  0.63123119  0.00437831  0.0110459 ]
[ 0.  0.  0.  0.  1.  0.]
[  2.97541974e-05   3.61469683e-05   9.33186114e-01   5.70700904e-05
   7.30926286e-06   6.66836426e-02]
[ 0.  0.  0.  0.  0.  1.]
[ 0.09082139  0.00520583  0.00374189  0.85682708  0.04160335  0.0018004 ]
[ 0.  0.  0.  0.  1.  0.]
[  3.89233755e-05   1.67259404e-05   9.88468230e-01   2.45523057e-04
   1.26855921e-05   1.12178940e-02]
[ 0.  0.  0.  0.  0.  1.]
[ 0.01585237  0.01330787  0.3458519   0.03367988  0.0054691   0.58583885]
[ 0.  0.  0.  0.  1.  0.]
[ 0.06169382  0.0120583   0.61789948  0.1902829   0.03892676  0.07913882]
[ 0.  1.  0.  0.  0.  0.]
[ 0.02747477  0.01490856  0.71692175  0.08254487  0.08730592  0.07084411]
[ 0.  0.  0.  0.  0.  1.]
[ 0.01957897  0.02723259  0.34646347  0.09124876  0.18290403  0.33257222]
[ 0.  0.  1.  0.  0.  0.]
[  1.13500131e-03   3.30812240e-04   6.72809601e-01   1.15304696e-03
   1.62603363e-04   3.24408978e-01]
[ 0.  1.  0.  0.  0.  0.]
[ 0.10798725  0.01184959  0.74433613  0.02058083  0.00806876  0.10717742]
[ 1.  0.  0.  0.  0.  0.]
[  8.86695459e-04   4.60128242e-04   9.01513934e-01   1.85668177e-03
   1.58925017e-04   9.51236784e-02]
[ 1.  0.  0.  0.  0.  0.]
[  1.01925656e-02   2.70252494e-04   2.52354201e-02   1.22535182e-03
   1.67872888e-04   9.62908566e-01]
[ 1.  0.  0.  0.  0.  0.]
[ 0.13676901  0.0039531   0.25228441  0.48042232  0.01209291  0.11447827]
[ 0.  0.  0.  0.  1.  0.]
[ 0.02997253  0.01192941  0.04861357  0.01916554  0.07212754  0.81819141]
[ 0.  0.  0.  0.  0.  1.]
[ 0.04701535  0.03363249  0.1913913   0.11512893  0.31599095  0.29684094]
[ 0.  0.  1.  0.  0.  0.]
[ 0.03811282  0.03457714  0.12183512  0.05858207  0.22546554  0.52142733]
[ 0.  0.  1.  0.  0.  0.]
[  4.77868598e-04   9.43766499e-04   9.87270713e-01   2.42733886e-03
   5.92104509e-04   8.28822516e-03]
[ 0.  0.  1.  0.  0.  0.]
[ 0.3582682   0.00302579  0.14772661  0.44338495  0.00590422  0.04169029]
[ 1.  0.  0.  0.  0.  0.]
[ 0.03316428  0.02917372  0.18508248  0.0846842   0.24484545  0.4230499 ]
[ 0.  0.  1.  0.  0.  0.]
[  1.27972871e-01   7.08418884e-05   1.50484033e-04   8.63883615e-01
   2.27009039e-03   5.65215992e-03]
[ 0.  0.  0.  0.  1.  0.]
check accuracy 0.3
[  8.36189866e-01   4.21534030e-04   4.92502982e-03   2.89044809e-02
   6.70628215e-04   1.28888398e-01]
[ 1.  0.  0.  0.  0.  0.]
[  2.48088372e-09   7.76904852e-09   9.99638200e-01   2.93948386e-08
   1.28417638e-10   3.61791404e-04]
[ 0.  1.  0.  0.  0.  0.]
[ 0.02417031  0.00698064  0.10916384  0.01808767  0.00218493  0.83941263]
[ 1.  0.  0.  0.  0.  0.]
[  3.75477433e-01   5.91489545e-04   6.55841955e-04   6.10013306e-01
   4.81072394e-03   8.45120288e-03]
[ 0.  0.  0.  0.  0.  1.]
[  3.68121654e-01   1.44060480e-03   5.73572397e-01   2.68787146e-02
   3.29612434e-04   2.96569541e-02]
[ 0.  1.  0.  0.  0.  0.]
[ 0.01960366  0.02384019  0.20251574  0.05569685  0.17519453  0.52314895]
[ 0.  0.  1.  0.  0.  0.]
[  2.93788937e-04   3.73314746e-04   1.20573044e-02   1.37984665e-04
   1.08933869e-04   9.87028718e-01]
[ 0.  0.  0.  0.  0.  1.]
[ 0.21316585  0.03456801  0.08863781  0.30236733  0.28254592  0.07871509]
[ 0.  0.  0.  1.  0.  0.]
[ 0.04083099  0.03923631  0.1268518   0.06926906  0.27307969  0.45073223]
[ 0.  0.  1.  0.  0.  0.]
[ 0.01788695  0.01529441  0.31963941  0.05286777  0.09642102  0.49789035]
[ 0.  0.  1.  0.  0.  0.]
[ 0.05438319  0.03425445  0.1877982   0.09512591  0.25582772  0.37261054]
[ 0.  0.  1.  0.  0.  0.]
[ 0.00093919  0.00222685  0.30055004  0.00306749  0.00083851  0.69237792]
[ 0.  0.  0.  0.  0.  1.]
[ 0.03985921  0.03680649  0.12510008  0.06687044  0.26563719  0.46572661]
[ 0.  0.  1.  0.  0.  0.]
[  1.19067938e-03   5.43499598e-04   9.64183211e-01   8.85828515e-04
   2.08484314e-04   3.29882465e-02]
[ 0.  0.  0.  0.  0.  1.]
[  1.51591925e-02   8.11075419e-03   1.06987506e-02   7.63241376e-04
   1.18050061e-03   9.64087605e-01]
[ 0.  0.  0.  0.  1.  0.]
[  3.74737978e-01   8.54551181e-05   1.22703335e-04   6.21280253e-01
   2.20516440e-03   1.56848924e-03]
[ 0.  0.  0.  1.  0.  0.]
[ 0.00892938  0.01055751  0.5926553   0.03120847  0.00778261  0.34886676]
[ 0.  0.  0.  1.  0.  0.]
[ 0.29051596  0.03002833  0.56921571  0.03558487  0.03186178  0.04279338]
[ 0.  0.  0.  0.  0.  1.]
[ 0.54993242  0.00058755  0.0010875   0.34509087  0.0039773   0.09932436]
[ 1.  0.  0.  0.  0.  0.]
[ 0.46916902  0.01481158  0.11452271  0.19709563  0.19224295  0.012158  ]
[ 0.  1.  0.  0.  0.  0.]
check accuracy 0.15
[ 0.1723638   0.0037955   0.42103791  0.37771454  0.00397205  0.0211161 ]
[ 0.  0.  0.  0.  0.  1.]
[ 0.01268614  0.00631042  0.76236892  0.08331856  0.08313353  0.05218237]
[ 0.  0.  0.  0.  0.  1.]
[ 0.15222774  0.00563058  0.29980895  0.44875702  0.02328757  0.07028808]
[ 1.  0.  0.  0.  0.  0.]
[ 0.25608033  0.00566884  0.01137495  0.66672003  0.03293565  0.02722023]
[ 0.  0.  0.  0.  1.  0.]
[ 0.18608963  0.0387462   0.58394569  0.058059    0.0656929   0.06746659]
[ 0.  0.  0.  0.  0.  1.]
[  6.92208065e-03   1.11779768e-03   9.65585172e-01   1.01296920e-02
   1.48906896e-04   1.60962548e-02]
[ 0.  1.  0.  0.  0.  0.]
[ 0.00904287  0.01079758  0.16097458  0.02057884  0.06532758  0.73327857]
[ 0.  0.  1.  0.  0.  0.]
[ 0.17660519  0.00561823  0.52629244  0.16882843  0.03171966  0.09093604]
[ 1.  0.  0.  0.  0.  0.]
[ 0.06667478  0.0558623   0.41296515  0.09935748  0.15679196  0.20834832]
[ 0.  0.  0.  0.  0.  1.]
[  2.18251139e-01   6.09292038e-05   1.08777065e-04   7.74043500e-01
   2.77827331e-03   4.75738989e-03]
[ 0.  0.  0.  0.  1.  0.]
[ 0.35261029  0.0193602   0.09889038  0.18436965  0.10760486  0.23716457]
[ 1.  0.  0.  0.  0.  0.]
[  2.54795650e-05   1.36019298e-04   6.87952561e-04   4.52050153e-06
   1.63473887e-05   9.99129713e-01]
[ 0.  1.  0.  0.  0.  0.]
[  1.00336060e-01   1.04436613e-05   8.66397295e-06   8.97785723e-01
   1.24638772e-03   6.12762000e-04]
[ 0.  0.  0.  0.  1.  0.]
[  1.27323889e-04   4.62460826e-04   9.02789645e-04   2.58298478e-05
   1.64103811e-04   9.98317480e-01]
[ 0.  0.  0.  0.  0.  1.]
[  1.27729937e-01   5.44604613e-04   1.61590637e-03   8.47395837e-01
   9.24384966e-03   1.34698888e-02]
[ 0.  0.  0.  1.  0.  0.]
[  1.42086759e-01   1.90453371e-04   3.56986217e-04   8.51070940e-01
   3.70431738e-03   2.59059691e-03]
[ 1.  0.  0.  0.  0.  0.]
[ 0.04016738  0.03898447  0.14624824  0.08113831  0.28609303  0.40736863]
[ 0.  0.  1.  0.  0.  0.]
[  1.56445608e-01   1.19130280e-04   6.59614743e-04   8.02047908e-01
   5.12452703e-03   3.56032215e-02]
[ 1.  0.  0.  0.  0.  0.]
[ 0.16609597  0.00301311  0.00459904  0.29797357  0.01233033  0.51598793]
[ 1.  0.  0.  0.  0.  0.]
[ 0.1401744   0.00338075  0.0519375   0.02405     0.01165293  0.76880443]
[ 0.  1.  0.  0.  0.  0.]
check accuracy 0.15
[ 0.0323883   0.02789921  0.13041015  0.0517253   0.19003937  0.56753761]
[ 0.  0.  1.  0.  0.  0.]
[  1.52583539e-01   7.36069400e-04   2.87507847e-03   8.19880784e-01
   9.05348547e-03   1.48709631e-02]
[ 0.  0.  0.  1.  0.  0.]
[ 0.44963422  0.01637226  0.21102814  0.16164055  0.01272457  0.14860028]
[ 0.  1.  0.  0.  0.  0.]
[  1.55291542e-01   6.93412367e-05   8.06895550e-05   8.31923544e-01
   2.56301416e-03   1.00718010e-02]
[ 0.  0.  0.  1.  0.  0.]
[ 0.00286359  0.00554368  0.86577857  0.01992555  0.00893107  0.09695755]
[ 0.  0.  1.  0.  0.  0.]
[  3.03276745e-03   2.14756787e-04   3.27814044e-03   3.96223040e-04
   3.32022028e-05   9.93044913e-01]
[ 0.  1.  0.  0.  0.  0.]
[  6.44541797e-05   6.39326870e-04   4.46862400e-01   1.29756023e-04
   4.88322767e-05   5.52255213e-01]
[ 0.  1.  0.  0.  0.  0.]
[  1.31648425e-02   8.60351884e-06   2.16018307e-05   9.83432770e-01
   3.01959133e-03   3.52556643e-04]
[ 0.  0.  0.  0.  1.  0.]
[ 0.00206169  0.00255096  0.66422379  0.00545396  0.00227611  0.32343352]
[ 0.  1.  0.  0.  0.  0.]
[ 0.03223233  0.01628422  0.68354863  0.05075207  0.07293884  0.14424393]
[ 1.  0.  0.  0.  0.  0.]
[  6.63794926e-04   6.19138882e-05   3.40473831e-01   1.38652555e-04
   1.52802222e-05   6.58646524e-01]
[ 1.  0.  0.  0.  0.  0.]
[ 0.21911576  0.01690947  0.10398965  0.14962149  0.02854672  0.48181692]
[ 0.  1.  0.  0.  0.  0.]
[  6.07814312e-01   1.84013799e-03   1.28859087e-04   2.11529415e-02
   2.91391462e-03   3.66149873e-01]
[ 0.  0.  0.  1.  0.  0.]
[ 0.62713265  0.00248984  0.00169101  0.3049598   0.04709202  0.01663467]
[ 0.  0.  0.  1.  0.  0.]
[ 0.21769159  0.00381223  0.71885419  0.0284804   0.00299447  0.02816705]
[ 0.  0.  0.  0.  1.  0.]
[ 0.71235216  0.00586107  0.01468732  0.22883487  0.01811899  0.02014551]
[ 0.  1.  0.  0.  0.  0.]
[ 0.04222724  0.03368986  0.14359842  0.08533277  0.30477107  0.39038065]
[ 0.  0.  1.  0.  0.  0.]
[ 0.00450278  0.00538371  0.02054726  0.00368478  0.02492246  0.94095898]
[ 0.  0.  1.  0.  0.  0.]
[  1.58032635e-04   2.60365596e-05   2.13224979e-04   4.44323746e-07
   3.79634372e-07   9.99601901e-01]
[ 0.  1.  0.  0.  0.  0.]
[  4.00942576e-04   1.24536967e-03   2.52279616e-03   1.12952555e-04
   5.27935103e-04   9.95190024e-01]
[ 0.  0.  1.  0.  0.  0.]
check accuracy 0.15
[  9.60982561e-01   3.81499820e-04   7.05982757e-06   1.09101944e-02
   8.37367726e-04   2.68813316e-02]
[ 0.  0.  0.  1.  0.  0.]
[ 0.07530515  0.00136608  0.00609559  0.03319209  0.00532195  0.87871915]
[ 0.  0.  0.  0.  1.  0.]
[ 0.03675697  0.03828579  0.59224904  0.06086663  0.03095906  0.24088249]
[ 0.  0.  0.  0.  0.  1.]
[  9.27820988e-03   8.31133948e-05   1.87831896e-03   3.06210131e-04
   3.00470674e-05   9.88424122e-01]
[ 0.  1.  0.  0.  0.  0.]
[ 0.06624178  0.05172572  0.27062827  0.10939291  0.28513941  0.21687196]
[ 0.  0.  0.  0.  0.  1.]
[  9.45203064e-05   3.21461761e-04   1.30665489e-04   3.40465749e-06
   2.79205847e-06   9.99447167e-01]
[ 0.  1.  0.  0.  0.  0.]
[ 0.10568836  0.00761994  0.52001369  0.12568957  0.01367558  0.22731283]
[ 1.  0.  0.  0.  0.  0.]
[ 0.08214058  0.0151443   0.48308206  0.12778361  0.1129334   0.17891601]
[ 1.  0.  0.  0.  0.  0.]
[ 0.00067598  0.001558    0.38339168  0.00094759  0.00085953  0.61256719]
[ 0.  0.  0.  0.  0.  1.]
[ 0.02568778  0.01583168  0.28082311  0.07696572  0.17375639  0.42693523]
[ 0.  0.  1.  0.  0.  0.]
[  5.70049994e-02   2.44513813e-05   1.31309380e-05   9.40871060e-01
   1.87546248e-03   2.10899612e-04]
[ 0.  0.  0.  0.  1.  0.]
[  2.50595063e-02   2.64808186e-04   8.63860071e-01   2.04410926e-02
   3.03887529e-04   9.00706798e-02]
[ 0.  1.  0.  0.  0.  0.]
[ 0.09470154  0.19536413  0.08444376  0.07362724  0.54808432  0.00377898]
[ 1.  0.  0.  0.  0.  0.]
[  9.87015247e-01   8.74887337e-05   7.62114587e-06   9.67397634e-03
   7.35501235e-04   2.48012203e-03]
[ 0.  0.  0.  1.  0.  0.]
[  1.01576163e-03   3.13418312e-03   9.83239055e-01   8.50839191e-04
   2.05723685e-04   1.15543930e-02]
[ 0.  1.  0.  0.  0.  0.]
[  1.10070892e-01   8.92457203e-04   1.56844631e-04   6.93687916e-01
   1.43605852e-02   1.80831268e-01]
[ 0.  0.  0.  1.  0.  0.]
[ 0.03808537  0.03338552  0.15135737  0.06758279  0.22083786  0.48875102]
[ 0.  0.  1.  0.  0.  0.]
[ 0.12042454  0.00160102  0.00506813  0.83605099  0.0181164   0.0187389 ]
[ 0.  0.  0.  1.  0.  0.]
[ 0.04371162  0.03741404  0.16802038  0.0969214   0.37387696  0.28005558]
[ 0.  0.  1.  0.  0.  0.]
[  4.29893173e-02   7.96978347e-05   1.46656952e-04   9.50294614e-01
   5.01313107e-03   1.47654279e-03]
[ 0.  0.  0.  0.  1.  0.]
check accuracy 0.2
[  7.04821059e-06   4.31231383e-05   9.90640759e-01   3.82807702e-05
   1.97422605e-06   9.26884916e-03]
[ 0.  0.  0.  0.  0.  1.]
[ 0.04071941  0.03981636  0.11764635  0.06101799  0.25354436  0.48725554]
[ 0.  0.  1.  0.  0.  0.]
[ 0.04045796  0.03534612  0.17146972  0.09567484  0.3070761   0.34997523]
[ 0.  0.  1.  0.  0.  0.]
[ 0.05034963  0.04169862  0.15023942  0.10116819  0.40016589  0.25637823]
[ 0.  0.  1.  0.  0.  0.]
[  2.57175148e-01   5.17579087e-04   5.97737671e-04   6.77835107e-01
   9.96259414e-03   5.39118722e-02]
[ 0.  0.  0.  0.  1.  0.]
[  9.83871698e-01   4.02848120e-04   3.97453096e-06   6.76255999e-03
   4.54261713e-03   4.41636564e-03]
[ 0.  0.  0.  0.  1.  0.]
[  1.76655203e-01   1.03261473e-03   1.29309410e-04   1.68632378e-03
   2.09654216e-04   8.20286870e-01]
[ 0.  0.  0.  1.  0.  0.]
[ 0.06859623  0.03963618  0.26700386  0.12102742  0.39264974  0.11108653]
[ 0.  0.  1.  0.  0.  0.]
[  4.77512600e-04   9.15628741e-04   4.15528081e-02   6.45309978e-04
   5.46610332e-04   9.55862164e-01]
[ 0.  0.  0.  0.  0.  1.]
[  9.57851648e-01   2.82540335e-04   6.43867024e-05   3.16534601e-02
   4.15947335e-03   5.98844280e-03]
[ 0.  0.  0.  1.  0.  0.]
[  1.38578983e-03   1.18920798e-04   9.93083477e-01   1.35222610e-04
   1.31729330e-05   5.26348036e-03]
[ 0.  0.  0.  0.  0.  1.]
[ 0.12539151  0.02461082  0.24063043  0.14755256  0.23603567  0.22577904]
[ 0.  0.  1.  0.  0.  0.]
[ 0.00922024  0.00304268  0.92691576  0.00716293  0.00361394  0.05004442]
[ 0.  0.  0.  0.  1.  0.]
[ 0.35048357  0.03891634  0.00657434  0.07696114  0.51697743  0.01008715]
[ 1.  0.  0.  0.  0.  0.]
[  8.34161818e-01   2.12648767e-04   1.52643843e-04   1.53873563e-01
   5.25871012e-03   6.34068670e-03]
[ 0.  0.  0.  1.  0.  0.]
[  3.57601941e-01   1.49185271e-05   1.03081664e-04   6.05728805e-01
   4.87909233e-03   3.16721462e-02]
[ 0.  0.  0.  1.  0.  0.]
[  2.49676138e-01   1.00876627e-04   9.49289097e-05   7.00637817e-01
   9.09390580e-03   4.03962322e-02]
[ 1.  0.  0.  0.  0.  0.]
[  9.88658401e-04   2.80565931e-04   5.90046402e-03   1.97893023e-04
   2.85260205e-04   9.92347121e-01]
[ 0.  0.  0.  0.  0.  1.]
[  9.64969546e-02   5.80007094e-04   8.09376827e-04   8.87946784e-01
   1.23892836e-02   1.77764555e-03]
[ 0.  0.  0.  0.  1.  0.]
[ 0.06969677  0.17755061  0.03005257  0.03272461  0.66941881  0.02055662]
[ 0.  0.  1.  0.  0.  0.]
check accuracy 0.2
[ 0.2734018   0.0103322   0.03634376  0.53727835  0.10431182  0.03833203]
[ 0.  0.  0.  1.  0.  0.]
[ 0.59054381  0.00148092  0.00259388  0.18558742  0.00554811  0.2142459 ]
[ 1.  0.  0.  0.  0.  0.]
[  5.58180129e-03   2.01723119e-03   1.70247108e-01   7.95290619e-03
   7.38617789e-04   8.13462377e-01]
[ 1.  0.  0.  0.  0.  0.]
[ 0.04328093  0.03964024  0.13161476  0.07809728  0.29847571  0.40889111]
[ 0.  0.  1.  0.  0.  0.]
[  5.28096892e-02   1.48962035e-05   2.98964751e-05   9.43439245e-01
   3.01409839e-03   6.92065572e-04]
[ 0.  0.  0.  0.  1.  0.]
[ 0.00290891  0.00402167  0.04127106  0.00287898  0.01087089  0.93804842]
[ 0.  1.  0.  0.  0.  0.]
[  7.93270320e-02   5.22520095e-05   2.97992574e-05   9.17476594e-01
   1.96395535e-03   1.15025882e-03]
[ 0.  0.  0.  1.  0.  0.]
[ 0.03943557  0.036939    0.1440292   0.0751749   0.27507967  0.42934167]
[ 0.  0.  1.  0.  0.  0.]
[ 0.63901824  0.01662594  0.02275915  0.19401243  0.01935849  0.10822579]
[ 0.  1.  0.  0.  0.  0.]
[ 0.01667575  0.01819531  0.13714498  0.0251887   0.09656232  0.70623296]
[ 0.  0.  1.  0.  0.  0.]
[ 0.15450288  0.00345888  0.01345385  0.01047525  0.00174055  0.81636864]
[ 1.  0.  0.  0.  0.  0.]
[  1.12177834e-01   7.91833736e-04   1.07293285e-03   8.13625574e-01
   2.84119472e-02   4.39198501e-02]
[ 1.  0.  0.  0.  0.  0.]
[  4.31406964e-03   3.01068346e-03   9.86736953e-01   3.01156496e-03
   1.94264881e-04   2.73252907e-03]
[ 0.  1.  0.  0.  0.  0.]
[  1.68825514e-04   1.85155979e-04   2.64392444e-03   6.44965839e-05
   1.06068419e-05   9.96926963e-01]
[ 0.  0.  0.  0.  0.  1.]
[  2.75045335e-01   5.21382375e-04   3.93355556e-04   7.65173808e-02
   2.40862323e-03   6.45113885e-01]
[ 0.  0.  0.  0.  1.  0.]
[ 0.08697446  0.00447242  0.89005595  0.00977949  0.0020705   0.00664729]
[ 0.  0.  0.  0.  0.  1.]
[ 0.0991163   0.00183766  0.86381185  0.02372889  0.00314229  0.00836309]
[ 1.  0.  0.  0.  0.  0.]
[ 0.01508938  0.01777843  0.60174018  0.0655573   0.09278917  0.2070456 ]
[ 0.  0.  0.  0.  0.  1.]
[  8.76724303e-01   1.09002140e-04   1.45100262e-02   2.96699386e-02
   2.84723676e-04   7.87019208e-02]
[ 0.  1.  0.  0.  0.  0.]
[  4.90580533e-06   1.20633040e-05   9.44181204e-01   4.54059409e-05
   3.52610004e-06   5.57529256e-02]
[ 0.  1.  0.  0.  0.  0.]
check accuracy 0.15
[ 0.04539338  0.03149735  0.1504014   0.08196729  0.37148881  0.31925175]
[ 0.  0.  1.  0.  0.  0.]
[  9.18578371e-06   9.41381131e-06   1.41613930e-01   8.39787936e-06
   8.75096475e-07   8.58358264e-01]
[ 0.  0.  0.  0.  0.  1.]
[ 0.15304549  0.04212077  0.11493746  0.19574922  0.48055717  0.01358977]
[ 0.  0.  0.  0.  0.  1.]
[ 0.50760347  0.01708882  0.04274293  0.29149401  0.06755062  0.07352019]
[ 0.  0.  0.  1.  0.  0.]
[  9.45307463e-02   1.33751790e-04   2.21083770e-04   9.00155246e-01
   3.89559637e-03   1.06358202e-03]
[ 1.  0.  0.  0.  0.  0.]
[  7.51287350e-03   2.72974052e-04   5.48704341e-02   2.88380717e-04
   2.67886644e-05   9.37028468e-01]
[ 1.  0.  0.  0.  0.  0.]
[ 0.09287876  0.03797059  0.14323394  0.11228362  0.53078324  0.08284982]
[ 0.  0.  1.  0.  0.  0.]
[ 0.626773    0.00287691  0.0038869   0.02880885  0.00441634  0.3332381 ]
[ 1.  0.  0.  0.  0.  0.]
[  7.06206739e-01   2.07710240e-04   3.75910575e-04   2.40937755e-01
   4.22233297e-03   4.80495952e-02]
[ 0.  0.  0.  1.  0.  0.]
[ 0.08282248  0.06883971  0.08018238  0.09610445  0.46060812  0.21144281]
[ 0.  0.  0.  0.  0.  1.]
[  4.16862935e-01   6.27291374e-05   2.65485760e-05   5.72323322e-01
   2.59767496e-03   8.12679343e-03]
[ 0.  0.  0.  1.  0.  0.]
[  7.92283788e-02   1.00937150e-02   6.01935142e-04   3.88943255e-02
   3.48012634e-02   8.36380422e-01]
[ 0.  0.  0.  1.  0.  0.]
[  1.31659601e-02   2.51481018e-04   9.71383750e-01   3.35864839e-03
   3.55067023e-04   1.14851752e-02]
[ 0.  1.  0.  0.  0.  0.]
[ 0.22061706  0.0271535   0.04309512  0.0527086   0.0037422   0.65268362]
[ 1.  0.  0.  0.  0.  0.]
[ 0.04016738  0.03898447  0.14624824  0.08113831  0.28609303  0.40736863]
[ 0.  0.  1.  0.  0.  0.]
[ 0.11301662  0.01627412  0.73151225  0.11095112  0.00477073  0.02347517]
[ 0.  1.  0.  0.  0.  0.]
[ 0.04917093  0.00404385  0.83155179  0.03860394  0.00571891  0.07091051]
[ 1.  0.  0.  0.  0.  0.]
[ 0.89984131  0.0069941   0.0031578   0.03007003  0.00744392  0.05249281]
[ 0.  0.  0.  1.  0.  0.]
[ 0.870902    0.00220769  0.00091879  0.09238009  0.00864709  0.02494432]
[ 0.  0.  0.  0.  1.  0.]
[ 0.16809425  0.04139827  0.63766831  0.08809096  0.04737535  0.01737286]
[ 0.  0.  0.  0.  0.  1.]
check accuracy 0.2
[ 0.0636946   0.0082643   0.1271954   0.03841774  0.04043227  0.72199571]
[ 0.  0.  0.  0.  0.  1.]
[ 0.11713356  0.16107669  0.19195543  0.05265671  0.42695481  0.0502228 ]
[ 0.  0.  0.  1.  0.  0.]
[ 0.24052356  0.00087811  0.08132837  0.34368217  0.0019706   0.33161724]
[ 0.  0.  0.  1.  0.  0.]
[ 0.28953564  0.12190586  0.04118418  0.10064063  0.40759584  0.03913787]
[ 0.  0.  0.  0.  0.  1.]
[ 0.0158557   0.0049407   0.62704229  0.05363512  0.0453237   0.25320244]
[ 0.  0.  0.  0.  0.  1.]
[  1.79206313e-06   6.02864020e-06   9.81120765e-01   1.70885505e-05
   6.35879474e-07   1.88536998e-02]
[ 0.  0.  0.  0.  0.  1.]
[  6.78133726e-01   1.76667658e-04   3.15889993e-05   3.12037736e-01
   2.55912403e-03   7.06115784e-03]
[ 0.  0.  0.  1.  0.  0.]
[  3.26691697e-05   7.83195264e-06   4.81370109e-04   2.35440393e-06
   3.02782212e-07   9.99475539e-01]
[ 0.  1.  0.  0.  0.  0.]
[  2.57175148e-01   5.17579087e-04   5.97737671e-04   6.77835107e-01
   9.96259414e-03   5.39118722e-02]
[ 0.  0.  0.  0.  1.  0.]
[ 0.02336308  0.00182191  0.24347761  0.03025101  0.00177664  0.69930977]
[ 1.  0.  0.  0.  0.  0.]
[  9.95419979e-01   6.89198487e-06   1.06560799e-06   4.31009009e-03
   3.75442032e-05   2.24561038e-04]
[ 0.  0.  0.  1.  0.  0.]
[  5.39024659e-05   1.58762501e-03   8.98474395e-01   2.77679617e-04
   2.91895067e-05   9.95770991e-02]
[ 1.  0.  0.  0.  0.  0.]
[ 0.03677152  0.03187271  0.19387498  0.09229045  0.29759273  0.3475976 ]
[ 0.  0.  1.  0.  0.  0.]
[ 0.11963927  0.34973779  0.25852177  0.10449841  0.16315751  0.00444521]
[ 0.  1.  0.  0.  0.  0.]
[ 0.31327426  0.00074348  0.00111745  0.67943424  0.00430699  0.00112365]
[ 0.  0.  0.  1.  0.  0.]
[ 0.04258238  0.03477155  0.14718063  0.08418936  0.29028481  0.40099126]
[ 0.  0.  1.  0.  0.  0.]
[  1.67609900e-01   3.25931032e-05   8.73979443e-05   8.28995585e-01
   1.11207366e-03   2.16242904e-03]
[ 0.  0.  0.  0.  1.  0.]
[  7.20547259e-01   1.14538336e-04   4.27337727e-05   2.72193223e-01
   2.80670868e-03   4.29555867e-03]
[ 0.  0.  0.  1.  0.  0.]
[ 0.00747629  0.00873227  0.20694791  0.00642882  0.00839115  0.76202363]
[ 0.  0.  1.  0.  0.  0.]
[ 0.04701535  0.03363249  0.1913913   0.11512893  0.31599095  0.29684094]
[ 0.  0.  1.  0.  0.  0.]
check accuracy 0.2
[  1.06304688e-02   3.88401269e-04   9.85455692e-01   8.96907819e-04
   7.53058557e-05   2.55316356e-03]
[ 0.  0.  0.  0.  0.  1.]
[  3.63050967e-01   5.28524490e-03   3.71187198e-04   1.47488713e-01
   4.61266702e-03   4.79191184e-01]
[ 0.  0.  0.  0.  1.  0.]
[ 0.04555918  0.01034295  0.12707914  0.08751433  0.18926685  0.54023755]
[ 0.  0.  0.  0.  0.  1.]
[  3.78829867e-01   1.60902506e-04   2.85994494e-04   5.96736073e-01
   1.79564196e-03   2.21914314e-02]
[ 1.  0.  0.  0.  0.  0.]
[ 0.05832122  0.0044375   0.82072926  0.02249883  0.0144988   0.07951435]
[ 1.  0.  0.  0.  0.  0.]
[ 0.24052356  0.00087811  0.08132837  0.34368217  0.0019706   0.33161724]
[ 0.  0.  0.  1.  0.  0.]
[ 0.30117187  0.03847333  0.00893375  0.06925978  0.19778529  0.38437596]
[ 0.  1.  0.  0.  0.  0.]
[  8.85921001e-01   6.18785125e-05   2.49895947e-05   1.06593199e-01
   1.79944653e-03   5.59930177e-03]
[ 0.  0.  0.  1.  0.  0.]
[  4.93317656e-02   2.34495223e-04   2.24420233e-04   9.38120961e-01
   1.00944871e-02   1.99386221e-03]
[ 0.  0.  0.  0.  1.  0.]
[ 0.04084542  0.03850459  0.12610157  0.06902479  0.27815768  0.44736594]
[ 0.  0.  1.  0.  0.  0.]
[  9.39752936e-01   8.47979635e-03   7.22754048e-04   2.05982719e-02
   5.63747156e-03   2.48087496e-02]
[ 0.  0.  0.  1.  0.  0.]
[  9.54412699e-01   6.98123331e-05   3.61202692e-05   2.75680330e-02
   1.64090446e-03   1.62724778e-02]
[ 0.  0.  0.  0.  1.  0.]
[  2.07839421e-05   4.94484375e-05   9.80534136e-01   1.31731023e-04
   8.28187240e-06   1.92555375e-02]
[ 0.  0.  0.  0.  0.  1.]
[  5.68653718e-02   3.89229399e-06   1.73358549e-05   9.38946068e-01
   2.46930425e-03   1.69795018e-03]
[ 0.  0.  0.  1.  0.  0.]
[ 0.02494678  0.02703591  0.08742248  0.03194828  0.15959884  0.66904777]
[ 0.  0.  1.  0.  0.  0.]
[ 0.35126057  0.00704592  0.02376215  0.58541775  0.02275587  0.0097577 ]
[ 0.  0.  0.  1.  0.  0.]
[  8.04235041e-01   9.31762261e-05   6.59572615e-05   1.51977271e-01
   1.40433596e-03   4.22241725e-02]
[ 0.  0.  0.  0.  1.  0.]
[ 0.33218139  0.01812059  0.14261386  0.2508302   0.05070641  0.20554759]
[ 0.  0.  0.  0.  0.  1.]
[  7.09743981e-05   1.62297790e-03   9.97797370e-01   2.89388758e-04
   2.97357146e-05   1.89650615e-04]
[ 0.  0.  0.  0.  1.  0.]
[ 0.02884269  0.01167036  0.93548489  0.01580663  0.00140671  0.00678866]
[ 0.  1.  0.  0.  0.  0.]
check accuracy 0.3
[ 0.00382204  0.00346166  0.70590001  0.02287515  0.0184394   0.24550179]
[ 0.  0.  1.  0.  0.  0.]
[ 0.49960181  0.00210559  0.02470166  0.29392233  0.03231898  0.14734958]
[ 1.  0.  0.  0.  0.  0.]
[  2.15512366e-04   6.27544796e-05   9.09537557e-05   1.78576067e-06
   6.01083343e-07   9.99628425e-01]
[ 0.  0.  0.  0.  0.  1.]
[ 0.00252472  0.002746    0.33783427  0.0062245   0.00862697  0.64204359]
[ 0.  0.  1.  0.  0.  0.]
[  1.52361627e-05   7.00380679e-06   9.99328852e-01   2.24328178e-05
   4.47247658e-07   6.25969027e-04]
[ 0.  1.  0.  0.  0.  0.]
[ 0.6709922   0.00451559  0.02478808  0.03282579  0.00417256  0.26270586]
[ 0.  0.  0.  0.  1.  0.]
[ 0.19255643  0.00102583  0.00142231  0.7603454   0.01257843  0.0320716 ]
[ 0.  0.  0.  0.  1.  0.]
[ 0.264319    0.00304366  0.33051857  0.22759122  0.01263066  0.16189684]
[ 1.  0.  0.  0.  0.  0.]
[ 0.00756208  0.12387205  0.29078931  0.01913873  0.03414907  0.52448881]
[ 0.  0.  0.  0.  1.  0.]
[  1.31762013e-01   1.27324194e-04   3.66985943e-04   8.60237896e-01
   3.44704208e-03   4.05879505e-03]
[ 0.  0.  0.  1.  0.  0.]
[ 0.03022321  0.00799216  0.13102807  0.01434599  0.01387934  0.80253124]
[ 1.  0.  0.  0.  0.  0.]
[  9.08410549e-01   5.73454272e-05   3.29752540e-04   8.94379765e-02
   1.75077308e-04   1.58930116e-03]
[ 1.  0.  0.  0.  0.  0.]
[ 0.18609805  0.02671002  0.20958672  0.13203499  0.15838294  0.28718728]
[ 1.  0.  0.  0.  0.  0.]
[ 0.00137452  0.00678572  0.0404206   0.00120845  0.00205152  0.94815916]
[ 0.  1.  0.  0.  0.  0.]
[  4.61809114e-02   3.10561358e-04   1.83506834e-03   9.14833903e-01
   4.59694210e-03   3.22426185e-02]
[ 0.  0.  0.  0.  1.  0.]
[  2.78278977e-01   2.58734741e-04   1.00544225e-04   6.57171667e-01
   1.26056857e-02   5.15843704e-02]
[ 0.  0.  0.  1.  0.  0.]
[ 0.44762737  0.01262305  0.00062572  0.03439     0.0169365   0.48779747]
[ 0.  0.  0.  1.  0.  0.]
[  1.30475760e-01   4.94320819e-04   9.37173143e-04   8.42472315e-01
   1.47489635e-02   1.08715286e-02]
[ 0.  0.  0.  0.  1.  0.]
[ 0.01046905  0.00201966  0.05463549  0.0020372   0.00108786  0.92975074]
[ 0.  1.  0.  0.  0.  0.]
[ 0.58708805  0.00116771  0.01316288  0.25848901  0.00564447  0.13444792]
[ 0.  0.  0.  0.  1.  0.]
check accuracy 0.2
[ 0.04248181  0.01542626  0.61214006  0.26748717  0.03093547  0.03152923]
[ 1.  0.  0.  0.  0.  0.]
[ 0.01209928  0.061417    0.26780099  0.04313646  0.13965602  0.47589025]
[ 0.  1.  0.  0.  0.  0.]
[ 0.01266486  0.00568419  0.96744621  0.00709505  0.00249882  0.004611  ]
[ 0.  1.  0.  0.  0.  0.]
[ 0.69763535  0.00263667  0.00979678  0.11171504  0.05632018  0.12189601]
[ 0.  0.  0.  0.  1.  0.]
[  7.88122452e-06   1.98611000e-04   9.98994291e-01   4.69692546e-04
   4.27583609e-06   3.25199770e-04]
[ 0.  1.  0.  0.  0.  0.]
[  1.68607622e-01   8.10145066e-05   3.28315509e-04   8.17409992e-01
   3.78014822e-03   9.79295466e-03]
[ 0.  0.  0.  1.  0.  0.]
[ 0.05227739  0.00794242  0.82153046  0.07132351  0.027504    0.01942222]
[ 0.  0.  0.  0.  0.  1.]
[  3.17001068e-05   4.17959600e-05   9.46152270e-01   1.17971067e-04
   4.00673161e-06   5.36521003e-02]
[ 0.  1.  0.  0.  0.  0.]
[ 0.17863779  0.04460533  0.30670875  0.03160888  0.01055509  0.42788419]
[ 0.  1.  0.  0.  0.  0.]
[  1.58397510e-04   5.46918251e-04   2.18424248e-03   3.63681065e-05
   1.61503602e-04   9.96912599e-01]
[ 1.  0.  0.  0.  0.  0.]
[ 0.00066322  0.00089887  0.6609813   0.001778    0.00113805  0.33454055]
[ 0.  0.  0.  0.  0.  1.]
[  3.86286169e-01   3.01261252e-06   1.20842549e-06   6.12844408e-01
   4.46804857e-04   4.18446958e-04]
[ 0.  0.  0.  0.  1.  0.]
[  2.93700900e-02   2.29702528e-05   3.20297026e-04   9.68605042e-01
   4.09638073e-04   1.27182552e-03]
[ 0.  0.  0.  1.  0.  0.]
[ 0.2286402   0.00214441  0.00450858  0.72025901  0.01984311  0.02460465]
[ 0.  1.  0.  0.  0.  0.]
[ 0.26929018  0.00359788  0.02117944  0.63430673  0.02137112  0.05025468]
[ 0.  0.  0.  0.  0.  1.]
[ 0.05334289  0.00303994  0.01812405  0.85321033  0.03432094  0.03796187]
[ 0.  0.  0.  0.  1.  0.]
[  3.56468230e-01   3.76338314e-04   3.95444717e-04   6.25572324e-01
   3.71816102e-03   1.34695247e-02]
[ 0.  0.  0.  0.  1.  0.]
[  8.04235041e-01   9.31762261e-05   6.59572615e-05   1.51977271e-01
   1.40433596e-03   4.22241725e-02]
[ 0.  0.  0.  0.  1.  0.]
[ 0.27468356  0.00312377  0.07813451  0.38401088  0.01589798  0.24414927]
[ 0.  0.  0.  1.  0.  0.]
[  1.52670117e-02   6.88429463e-06   1.39333815e-05   9.83709812e-01
   6.36617362e-04   3.65788728e-04]
[ 0.  0.  0.  1.  0.  0.]
check accuracy 0.15
[  3.60752369e-04   1.35064853e-04   7.06013408e-04   1.82807325e-05
   6.18369904e-06   9.98773634e-01]
[ 1.  0.  0.  0.  0.  0.]
[  9.91041601e-01   2.39604342e-05   6.17034630e-07   7.07588950e-03
   3.24892055e-04   1.53309491e-03]
[ 0.  0.  0.  1.  0.  0.]
[  6.22189473e-05   8.25270690e-05   6.13106356e-04   1.10376345e-06
   3.09751954e-07   9.99240756e-01]
[ 0.  1.  0.  0.  0.  0.]
[ 0.03396512  0.00727605  0.02049971  0.08220889  0.00471452  0.8513357 ]
[ 1.  0.  0.  0.  0.  0.]
[ 0.06735263  0.00214852  0.90826327  0.00812312  0.00152691  0.01258562]
[ 0.  1.  0.  0.  0.  0.]
[ 0.06884737  0.00284925  0.82062221  0.01505312  0.00970514  0.08292287]
[ 0.  1.  0.  0.  0.  0.]
[ 0.06059888  0.16214535  0.10798775  0.06355637  0.40317711  0.2025345 ]
[ 0.  0.  0.  1.  0.  0.]
[ 0.10268362  0.12947379  0.05440388  0.03762247  0.66153973  0.0142766 ]
[ 0.  0.  1.  0.  0.  0.]
[ 0.02732931  0.00559678  0.85382718  0.01753094  0.00660503  0.08911066]
[ 0.  0.  0.  0.  0.  1.]
[ 0.17462742  0.00091123  0.00242522  0.78435332  0.01108905  0.02659372]
[ 0.  0.  0.  0.  1.  0.]
[ 0.21380807  0.01174527  0.50056034  0.18109789  0.07200215  0.02078631]
[ 0.  1.  0.  0.  0.  0.]
[ 0.15376849  0.01265401  0.67446148  0.02861341  0.01364305  0.11685958]
[ 0.  0.  0.  1.  0.  0.]
[  7.56953061e-01   2.44549301e-04   2.98178966e-05   2.05740184e-01
   4.21522977e-03   3.28172818e-02]
[ 0.  0.  0.  0.  1.  0.]
[  8.59377068e-03   1.01828773e-03   1.40397722e-04   7.65392440e-04
   2.92820245e-04   9.89189267e-01]
[ 0.  0.  0.  0.  1.  0.]
[  3.45345434e-05   8.33473769e-06   2.64219139e-02   6.93620268e-06
   7.35843685e-07   9.73527491e-01]
[ 0.  1.  0.  0.  0.  0.]
[  4.49144631e-04   1.05499690e-04   9.89634812e-01   3.01777362e-03
   7.94923908e-05   6.71327906e-03]
[ 0.  0.  0.  1.  0.  0.]
[ 0.36628205  0.01079387  0.02208336  0.46460876  0.10784572  0.02838623]
[ 0.  0.  0.  1.  0.  0.]
[ 0.03808053  0.03632845  0.12309429  0.06116205  0.23909235  0.50224227]
[ 0.  0.  1.  0.  0.  0.]
[  3.05012882e-01   7.18867814e-05   1.01584395e-04   6.64375126e-01
   6.13664743e-03   2.43019629e-02]
[ 0.  0.  0.  1.  0.  0.]
[ 0.47713295  0.00100922  0.00174813  0.05243487  0.00176321  0.4659116 ]
[ 1.  0.  0.  0.  0.  0.]
check accuracy 0.2
[  4.14336957e-02   7.11657558e-05   2.50640878e-04   9.46795583e-01
   4.77653136e-03   6.67240098e-03]
[ 0.  0.  0.  0.  1.  0.]
[ 0.30109447  0.22059594  0.02770738  0.11674593  0.32680479  0.00705145]
[ 0.  0.  0.  1.  0.  0.]
[ 0.06373473  0.00463996  0.30610725  0.56654447  0.02896819  0.03000532]
[ 0.  0.  0.  1.  0.  0.]
[  4.42385295e-04   4.41967417e-03   2.57544452e-04   3.95050993e-05
   5.69565600e-05   9.94783938e-01]
[ 0.  0.  0.  0.  1.  0.]
[ 0.08833458  0.03939182  0.12072835  0.06452021  0.17270967  0.51431537]
[ 0.  0.  0.  0.  0.  1.]
[  5.97375333e-02   1.47980361e-04   2.92074657e-03   9.07726467e-01
   4.56884690e-03   2.48984545e-02]
[ 0.  0.  0.  0.  1.  0.]
[ 0.10000379  0.00269662  0.18109864  0.66551828  0.03733055  0.01335207]
[ 1.  0.  0.  0.  0.  0.]
[ 0.12892625  0.09298632  0.57591784  0.10142148  0.08590556  0.01484254]
[ 0.  0.  1.  0.  0.  0.]
[  1.74613558e-02   1.22804253e-03   9.69550014e-01   5.87518048e-03
   8.79000174e-04   5.00638457e-03]
[ 0.  0.  0.  0.  0.  1.]
[  7.16674640e-06   6.51054097e-06   8.81222844e-01   1.50390952e-05
   4.54602400e-07   1.18748069e-01]
[ 0.  1.  0.  0.  0.  0.]
[  2.09228948e-01   4.65087533e-06   7.46271735e-06   7.88646102e-01
   1.35161611e-03   7.61175703e-04]
[ 0.  0.  0.  0.  1.  0.]
[ 0.1227187   0.08644407  0.1123799   0.26301193  0.05914927  0.35629621]
[ 0.  1.  0.  0.  0.  0.]
[  1.35693233e-03   1.00774960e-04   5.29734671e-01   4.72597341e-04
   5.09582642e-05   4.68284011e-01]
[ 0.  1.  0.  0.  0.  0.]
[  7.10191607e-01   3.92650894e-04   1.73395718e-04   2.68856794e-01
   8.30994826e-03   1.20756393e-02]
[ 0.  0.  0.  1.  0.  0.]
[ 0.20226322  0.11434415  0.0835274   0.0504801   0.49106798  0.05831714]
[ 0.  0.  0.  0.  0.  1.]
[  6.05622074e-04   1.48577301e-03   9.81876850e-01   1.28509430e-03
   1.34821355e-04   1.46117387e-02]
[ 0.  0.  0.  0.  0.  1.]
[  9.59368050e-03   7.09272572e-05   4.51698143e-04   9.76764381e-01
   9.30143707e-03   3.81791382e-03]
[ 0.  0.  0.  1.  0.  0.]
[ 0.15222809  0.00350985  0.00149019  0.47798038  0.01863172  0.34615976]
[ 0.  0.  0.  0.  1.  0.]
[ 0.12102681  0.00406587  0.81079519  0.01970925  0.00249295  0.04190993]
[ 0.  1.  0.  0.  0.  0.]
[  9.91326749e-01   3.16961268e-05   2.16951639e-06   2.17040628e-03
   2.50425976e-04   6.21864479e-03]
[ 0.  0.  0.  1.  0.  0.]
check accuracy 0.2
[  2.20799670e-01   4.04246763e-04   3.79186677e-04   7.58460581e-01
   6.09445153e-03   1.38618601e-02]
[ 0.  0.  0.  0.  1.  0.]
[ 0.24197483  0.03387597  0.00493505  0.3848663   0.20338932  0.13095856]
[ 0.  0.  0.  1.  0.  0.]
[  5.38224168e-03   1.40168020e-04   4.59353556e-04   1.90230392e-04
   2.14516986e-05   9.93806601e-01]
[ 1.  0.  0.  0.  0.  0.]
[ 0.06962408  0.01552546  0.01082153  0.73526543  0.11518547  0.05357807]
[ 0.  0.  0.  1.  0.  0.]
[ 0.01575377  0.00097171  0.72440881  0.15917993  0.00401488  0.09567088]
[ 0.  0.  0.  0.  0.  1.]
[ 0.38296077  0.01649918  0.14157107  0.40429428  0.03674699  0.01792771]
[ 1.  0.  0.  0.  0.  0.]
[ 0.03638181  0.03478034  0.12444708  0.062553    0.23973139  0.50210637]
[ 0.  0.  1.  0.  0.  0.]
[ 0.05652062  0.00360317  0.89028984  0.01727641  0.00125789  0.03105218]
[ 0.  0.  0.  0.  0.  1.]
[ 0.12714151  0.00892297  0.22964308  0.53426093  0.05175013  0.04828132]
[ 1.  0.  0.  0.  0.  0.]
[  9.99027014e-01   2.85910901e-05   1.94970568e-07   4.44914593e-04
   1.81695723e-04   3.17512779e-04]
[ 0.  0.  0.  0.  1.  0.]
[  4.45967615e-01   2.62904796e-04   6.31425355e-04   5.38026869e-01
   3.39486264e-03   1.17163174e-02]
[ 0.  0.  0.  1.  0.  0.]
[  7.09293127e-01   9.96252173e-04   3.35989433e-04   2.24412799e-01
   1.75770256e-03   6.32040724e-02]
[ 0.  1.  0.  0.  0.  0.]
[  1.32660125e-05   1.51048109e-04   1.18338014e-03   6.60431488e-06
   3.35547861e-06   9.98642385e-01]
[ 0.  1.  0.  0.  0.  0.]
[ 0.02590044  0.00882713  0.15702455  0.05949064  0.01070391  0.73805332]
[ 1.  0.  0.  0.  0.  0.]
[ 0.1513025   0.00116062  0.275556    0.02646367  0.00091579  0.54460144]
[ 0.  1.  0.  0.  0.  0.]
[  8.44669994e-04   2.20184959e-03   1.81906484e-02   4.21670324e-04
   1.70148909e-03   9.76639628e-01]
[ 0.  0.  1.  0.  0.  0.]
[ 0.00884297  0.00831248  0.22694738  0.03550636  0.08947187  0.63091892]
[ 0.  0.  0.  0.  0.  1.]
[  1.67277619e-01   1.37958632e-04   3.53151205e-04   8.19025218e-01
   1.93173846e-03   1.12743042e-02]
[ 1.  0.  0.  0.  0.  0.]
[ 0.06223641  0.00155196  0.47471219  0.00806286  0.00185378  0.45158282]
[ 0.  1.  0.  0.  0.  0.]
[ 0.32485548  0.01544267  0.52389926  0.07516182  0.03798238  0.02265837]
[ 1.  0.  0.  0.  0.  0.]
check accuracy 0.15
[  1.27249354e-04   4.30369619e-05   9.31473613e-01   4.61876451e-04
   4.23790298e-05   6.78517520e-02]
[ 0.  0.  0.  0.  0.  1.]
[ 0.03029715  0.02370715  0.31945446  0.12736081  0.268444    0.23073642]
[ 0.  0.  1.  0.  0.  0.]
[  1.28302269e-03   4.22735640e-04   2.22430914e-04   1.49964790e-05
   8.54985501e-06   9.98048306e-01]
[ 0.  1.  0.  0.  0.  0.]
[ 0.12109721  0.01148772  0.64298898  0.07517669  0.01159644  0.13765302]
[ 0.  1.  0.  0.  0.  0.]
[  9.46100801e-02   9.30228562e-05   1.11756744e-04   9.02420640e-01
   2.11883173e-03   6.45650551e-04]
[ 0.  0.  0.  0.  1.  0.]
[  3.99746448e-02   2.70130186e-05   8.00531197e-05   9.54557240e-01
   2.92322156e-03   2.43789097e-03]
[ 0.  0.  0.  0.  1.  0.]
[  1.91264540e-01   5.22937393e-04   8.94310419e-03   3.69693711e-02
   2.79454142e-03   7.59505510e-01]
[ 1.  0.  0.  0.  0.  0.]
[  3.57387587e-03   1.56638294e-03   4.03662622e-02   5.50045678e-03
   8.82824766e-04   9.48110223e-01]
[ 0.  0.  0.  0.  0.  1.]
[ 0.33448994  0.00138077  0.00393356  0.54743856  0.01670124  0.09605587]
[ 0.  0.  0.  0.  1.  0.]
[ 0.04813865  0.0028463   0.01109665  0.01874975  0.00502753  0.91414112]
[ 0.  0.  0.  0.  1.  0.]
[ 0.01421596  0.00576857  0.88710022  0.03835946  0.01991218  0.03464353]
[ 0.  1.  0.  0.  0.  0.]
[ 0.37067661  0.00094768  0.00310724  0.59501159  0.01660552  0.01365135]
[ 0.  0.  0.  1.  0.  0.]
[ 0.43013477  0.01602445  0.1041122   0.18585071  0.09236936  0.17150854]
[ 0.  0.  0.  0.  0.  1.]
[ 0.30114803  0.0167028   0.61338502  0.02421915  0.00993912  0.03460593]
[ 0.  0.  0.  0.  0.  1.]
[  1.77206192e-02   2.30867212e-04   1.49690080e-02   7.36350776e-05
   8.35656174e-05   9.66922283e-01]
[ 0.  1.  0.  0.  0.  0.]
[ 0.25400242  0.00154002  0.00416533  0.68845499  0.01265186  0.03918533]
[ 0.  0.  0.  0.  1.  0.]
[ 0.01955926  0.11944823  0.66570473  0.06587853  0.11148246  0.01792675]
[ 0.  1.  0.  0.  0.  0.]
[ 0.03142628  0.01163553  0.15169609  0.02161054  0.00306198  0.78056955]
[ 0.  1.  0.  0.  0.  0.]
[  1.70863073e-04   3.49622336e-04   4.19250652e-02   2.05118602e-04
   9.08700968e-05   9.57258463e-01]
[ 0.  1.  0.  0.  0.  0.]
[ 0.01186633  0.01245479  0.0344703   0.00690217  0.05394521  0.8803612 ]
[ 0.  0.  1.  0.  0.  0.]
check accuracy 0.15
[ 0.47403982  0.00562245  0.01544281  0.0313089   0.0031614   0.47042459]
[ 1.  0.  0.  0.  0.  0.]
[ 0.03850361  0.02017427  0.19534396  0.0739903   0.34843218  0.32355562]
[ 0.  0.  1.  0.  0.  0.]
[  3.52766573e-01   1.40322853e-04   1.05317384e-04   6.31643236e-01
   2.33050971e-03   1.30139887e-02]
[ 1.  0.  0.  0.  0.  0.]
[  1.93269784e-03   1.46252522e-03   9.94158745e-01   2.31516245e-03
   6.00855710e-05   7.07284635e-05]
[ 0.  0.  0.  1.  0.  0.]
[ 0.07700064  0.00302417  0.0065209   0.48850194  0.01596015  0.40899229]
[ 0.  0.  0.  0.  0.  1.]
[  2.83729173e-06   5.12722409e-07   9.99297142e-01   2.79891447e-06
   5.17831715e-08   6.96769042e-04]
[ 0.  0.  0.  0.  0.  1.]
[ 0.01494301  0.01146304  0.01808624  0.00524265  0.01582721  0.93443781]
[ 1.  0.  0.  0.  0.  0.]
[  2.48198485e-04   7.88154604e-04   2.31496142e-05   6.83086910e-07
   6.30461102e-07   9.98939216e-01]
[ 1.  0.  0.  0.  0.  0.]
[  2.83993036e-01   2.37580249e-03   2.10015321e-04   5.29140905e-02
   1.71947281e-03   6.58787549e-01]
[ 1.  0.  0.  0.  0.  0.]
[ 0.15841822  0.01605228  0.22829479  0.39645529  0.16033898  0.04044046]
[ 1.  0.  0.  0.  0.  0.]
[  4.50777769e-01   1.27074061e-04   1.11668836e-04   5.29825628e-01
   2.99220043e-03   1.61655806e-02]
[ 0.  0.  0.  0.  1.  0.]
[ 0.0357356   0.03392236  0.18428257  0.08066979  0.23775035  0.42763937]
[ 0.  0.  1.  0.  0.  0.]
[  1.11429751e-01   3.01544846e-04   1.62709493e-03   7.74536908e-01
   1.87597498e-02   9.33449566e-02]
[ 0.  0.  0.  1.  0.  0.]
[  9.91989672e-02   5.86818729e-04   3.88400583e-03   8.61533940e-01
   1.40158320e-02   2.07803436e-02]
[ 0.  0.  0.  1.  0.  0.]
[  9.26377714e-01   7.52439576e-07   3.48657778e-07   7.35385641e-02
   6.27895351e-05   1.97616173e-05]
[ 0.  0.  0.  1.  0.  0.]
[ 0.05947367  0.114337    0.247417    0.07306844  0.14434677  0.36135706]
[ 0.  0.  1.  0.  0.  0.]
[  6.89612255e-02   5.81466476e-04   3.64584383e-03   9.13241565e-01
   1.18462127e-02   1.72352837e-03]
[ 0.  0.  0.  0.  1.  0.]
[  3.48359168e-01   8.20905407e-05   6.36783428e-04   6.44628644e-01
   5.29230630e-04   5.76403737e-03]
[ 1.  0.  0.  0.  0.  0.]
[ 0.23502195  0.0131907   0.40690839  0.07101122  0.02650666  0.24736105]
[ 0.  1.  0.  0.  0.  0.]
[ 0.04073637  0.03907047  0.125449    0.06668494  0.2667481   0.46131107]
[ 0.  0.  1.  0.  0.  0.]
check accuracy 0.3
[ 0.0357356   0.03392236  0.18428257  0.08066979  0.23775035  0.42763937]
[ 0.  0.  1.  0.  0.  0.]
[  3.89157757e-02   4.72725915e-05   5.46759074e-05   9.55713511e-01
   3.15372669e-03   2.11513834e-03]
[ 1.  0.  0.  0.  0.  0.]
[ 0.01820162  0.0827278   0.85160518  0.01963575  0.0176009   0.01022882]
[ 0.  1.  0.  0.  0.  0.]
[ 0.08259811  0.06772922  0.28205329  0.16023463  0.32608125  0.08130357]
[ 0.  1.  0.  0.  0.  0.]
[ 0.00263729  0.00792077  0.61925375  0.01015736  0.00903539  0.35099542]
[ 0.  0.  0.  0.  0.  1.]
[ 0.63342518  0.03276276  0.11014453  0.14048271  0.03959963  0.04358518]
[ 1.  0.  0.  0.  0.  0.]
[ 0.24625529  0.00244497  0.0015314   0.17348433  0.03278187  0.54350215]
[ 0.  0.  0.  1.  0.  0.]
[ 0.34326243  0.01363455  0.14546213  0.05080109  0.02851207  0.41832769]
[ 0.  0.  0.  0.  0.  1.]
[  7.30074406e-01   1.43746911e-06   1.43845386e-06   2.69518435e-01
   1.08614375e-04   2.95607926e-04]
[ 0.  0.  0.  1.  0.  0.]
[ 0.4974201   0.00325733  0.06914113  0.24229889  0.00357429  0.18430822]
[ 1.  0.  0.  0.  0.  0.]
[ 0.21722248  0.00951384  0.10274585  0.10766064  0.01940357  0.54345363]
[ 0.  0.  0.  0.  0.  1.]
[  4.11427394e-03   1.35405295e-04   1.17368728e-03   6.59107100e-05
   2.02606188e-05   9.94490504e-01]
[ 1.  0.  0.  0.  0.  0.]
[  6.73652685e-05   4.86871159e-06   9.99836922e-01   3.57115641e-05
   1.33274375e-06   5.37845408e-05]
[ 0.  1.  0.  0.  0.  0.]
[ 0.00086689  0.00346089  0.52345616  0.00168324  0.00157796  0.46895489]
[ 0.  1.  0.  0.  0.  0.]
[  3.01724626e-03   6.73600181e-04   2.29182676e-03   3.40693834e-04
   1.03793886e-04   9.93572831e-01]
[ 0.  1.  0.  0.  0.  0.]
[ 0.33517587  0.01610093  0.04614099  0.38207451  0.10588531  0.11462247]
[ 0.  0.  0.  0.  1.  0.]
[ 0.10180356  0.00289957  0.00761767  0.83916289  0.04072169  0.00779461]
[ 0.  0.  0.  1.  0.  0.]
[  1.79250760e-03   2.15839726e-04   2.07095016e-02   4.20126562e-05
   1.67716080e-05   9.77223396e-01]
[ 0.  0.  0.  0.  0.  1.]
[  4.10089672e-01   1.07431544e-04   1.01217542e-04   5.68485558e-01
   5.64452214e-03   1.55715058e-02]
[ 1.  0.  0.  0.  0.  0.]
[ 0.03938205  0.03729381  0.14199434  0.07194306  0.26200247  0.44738421]
[ 0.  0.  1.  0.  0.  0.]
check accuracy 0.25
[ 0.44626403  0.00061196  0.00081499  0.44707915  0.01463371  0.09059615]
[ 0.  0.  0.  1.  0.  0.]
[ 0.00683216  0.00159612  0.93811232  0.01830784  0.00192409  0.03322744]
[ 0.  1.  0.  0.  0.  0.]
[ 0.21184322  0.03285623  0.53505749  0.07352183  0.06397035  0.08275094]
[ 1.  0.  0.  0.  0.  0.]
[  7.66597539e-02   6.39708538e-04   8.23835202e-04   8.57065797e-01
   3.25322933e-02   3.22785303e-02]
[ 0.  0.  0.  0.  1.  0.]
[ 0.12165412  0.81200856  0.01077132  0.00271818  0.00920002  0.04364776]
[ 0.  1.  0.  0.  0.  0.]
[  1.33696301e-02   1.04444264e-03   8.62275183e-01   5.60669182e-03
   4.66922356e-04   1.17237203e-01]
[ 0.  0.  0.  0.  0.  1.]
[  3.24757278e-01   1.29630949e-04   2.15036605e-04   6.69672370e-01
   1.95660256e-03   3.26907379e-03]
[ 1.  0.  0.  0.  0.  0.]
[ 0.13011327  0.0022797   0.02698947  0.69101363  0.13010782  0.0194961 ]
[ 0.  0.  0.  1.  0.  0.]
[ 0.22849034  0.00090731  0.00191342  0.68599731  0.02593502  0.05675672]
[ 0.  0.  0.  0.  1.  0.]
[  6.21089861e-02   1.09776949e-04   2.17913795e-04   9.31443810e-01
   2.46802857e-03   3.65155726e-03]
[ 1.  0.  0.  0.  0.  0.]
[  2.30835914e-03   3.86092725e-04   5.61310984e-02   6.37726771e-05
   1.94803753e-04   9.40915942e-01]
[ 1.  0.  0.  0.  0.  0.]
[  7.22107710e-03   9.51721519e-03   8.31915240e-04   3.71062633e-04
   2.88289250e-03   9.79175806e-01]
[ 0.  0.  0.  1.  0.  0.]
[ 0.02110974  0.02437653  0.15908447  0.04999238  0.18703489  0.55840194]
[ 0.  0.  1.  0.  0.  0.]
[ 0.09006763  0.18821669  0.24035308  0.07354093  0.24721779  0.16060384]
[ 1.  0.  0.  0.  0.  0.]
[  1.15392562e-02   3.01405694e-03   2.82967985e-02   6.96652511e-04
   3.14081059e-04   9.56139088e-01]
[ 1.  0.  0.  0.  0.  0.]
[ 0.05355929  0.01534136  0.17386803  0.12030134  0.27917886  0.3577511 ]
[ 0.  0.  1.  0.  0.  0.]
[ 0.00255841  0.00315595  0.10465693  0.00195316  0.00309092  0.88458461]
[ 0.  0.  0.  0.  0.  1.]
[ 0.09049635  0.0020289   0.00332518  0.83467591  0.05040713  0.0190665 ]
[ 0.  0.  0.  1.  0.  0.]
[  2.95409888e-01   9.38356039e-04   6.02468383e-04   5.88851683e-02
   4.18234617e-03   6.39981747e-01]
[ 0.  0.  0.  0.  1.  0.]
[ 0.0135423   0.00096758  0.9193086   0.00991502  0.00172964  0.0545369 ]
[ 0.  1.  0.  0.  0.  0.]
check accuracy 0.35
[ 0.0148232   0.00426257  0.03868362  0.00334837  0.00118489  0.93769741]
[ 0.  0.  0.  0.  0.  1.]
[ 0.1214283   0.00119569  0.00258806  0.10012987  0.00093219  0.77372593]
[ 0.  0.  0.  0.  1.  0.]
[ 0.34808752  0.0017474   0.06847638  0.11014713  0.00262452  0.4689171 ]
[ 1.  0.  0.  0.  0.  0.]
[  9.78440404e-01   3.04960599e-03   2.19130452e-04   1.60717051e-02
   1.54321908e-03   6.75755669e-04]
[ 0.  0.  0.  1.  0.  0.]
[ 0.01929667  0.0120156   0.41339687  0.07490528  0.11604179  0.36434373]
[ 0.  0.  1.  0.  0.  0.]
[ 0.63231623  0.09898747  0.03725793  0.10213114  0.03261668  0.09669062]
[ 0.  0.  0.  0.  1.  0.]
[  1.59903485e-02   1.18655595e-03   4.60010115e-03   1.12534631e-02
   3.35002318e-04   9.66634512e-01]
[ 0.  0.  0.  0.  0.  1.]
[ 0.94606972  0.01568029  0.00481053  0.02099863  0.00763238  0.00480838]
[ 0.  0.  1.  0.  0.  0.]
[  1.66118576e-03   2.71825865e-03   1.13090649e-01   5.27622469e-04
   4.89431666e-04   8.81512880e-01]
[ 1.  0.  0.  0.  0.  0.]
[ 0.25977823  0.00128387  0.04001181  0.6786772   0.00392125  0.01632752]
[ 1.  0.  0.  0.  0.  0.]
[ 0.0333722   0.85842264  0.02025988  0.01297915  0.06705036  0.00791581]
[ 0.  0.  1.  0.  0.  0.]
[  5.95374186e-05   5.51160425e-04   1.06028520e-01   4.60020747e-05
   2.94512993e-05   8.93285394e-01]
[ 0.  0.  0.  0.  0.  1.]
[ 0.60686457  0.0320353   0.08411922  0.17723592  0.07181741  0.02792759]
[ 1.  0.  0.  0.  0.  0.]
[  1.62584169e-04   5.19464200e-04   9.77067947e-01   1.40777486e-03
   1.65996986e-04   2.06762869e-02]
[ 0.  0.  0.  0.  0.  1.]
[ 0.02291245  0.07823972  0.23823246  0.0036073   0.00305083  0.65395719]
[ 0.  1.  0.  0.  0.  0.]
[ 0.08506798  0.00679417  0.61435765  0.17351495  0.06462529  0.05564002]
[ 0.  0.  1.  0.  0.  0.]
[  4.00855914e-02   2.79556461e-05   1.77630223e-04   9.45776999e-01
   5.71063627e-03   8.22114386e-03]
[ 0.  0.  0.  0.  1.  0.]
[  5.94075322e-02   7.66064681e-04   3.98658887e-02   7.82680605e-03
   9.10235452e-04   8.91223490e-01]
[ 0.  0.  0.  1.  0.  0.]
[ 0.01006217  0.00154975  0.55890834  0.00270049  0.00192804  0.42485121]
[ 1.  0.  0.  0.  0.  0.]
[ 0.01624264  0.01814014  0.53051025  0.07937265  0.06095703  0.29477742]
[ 0.  0.  1.  0.  0.  0.]
check accuracy 0.3
[ 0.71811497  0.00077056  0.00097448  0.22822101  0.00074883  0.05117029]
[ 0.  0.  0.  0.  1.  0.]
[  7.47971296e-01   4.23062011e-04   2.24017841e-03   1.96178660e-01
   1.02677150e-03   5.21600060e-02]
[ 0.  0.  0.  1.  0.  0.]
[ 0.04786827  0.02980217  0.17990436  0.14126684  0.37025926  0.23089908]
[ 0.  0.  1.  0.  0.  0.]
[ 0.01364556  0.0064103   0.40978941  0.06827805  0.07609757  0.4257791 ]
[ 0.  0.  0.  0.  0.  1.]
[  9.43762735e-02   9.01705585e-04   6.05394191e-04   8.62819135e-01
   3.58994938e-02   5.39798848e-03]
[ 0.  0.  0.  0.  1.  0.]
[  1.24363514e-05   1.07254331e-04   8.19083691e-01   1.40891090e-04
   1.65499114e-05   1.80639148e-01]
[ 0.  0.  0.  0.  0.  1.]
[ 0.27065322  0.01153604  0.01202995  0.37022918  0.05980951  0.27574208]
[ 0.  0.  0.  1.  0.  0.]
[ 0.00217083  0.00305714  0.0331368   0.00149964  0.00753878  0.95259684]
[ 0.  0.  0.  0.  0.  1.]
[ 0.28683174  0.00069936  0.00093698  0.64732516  0.00665541  0.05755126]
[ 0.  0.  0.  1.  0.  0.]
[  9.59331766e-02   3.53432581e-04   2.27487576e-03   8.74169111e-01
   1.06822662e-02   1.65871866e-02]
[ 0.  0.  0.  1.  0.  0.]
[  1.26173809e-01   8.48740456e-05   4.91066952e-04   8.59457254e-01
   3.36475065e-03   1.04281837e-02]
[ 1.  0.  0.  0.  0.  0.]
[  3.11784931e-02   6.08675648e-04   9.53203707e-04   9.22331810e-01
   5.76836523e-03   3.91593911e-02]
[ 1.  0.  0.  0.  0.  0.]
[ 0.3767252   0.00411887  0.00390551  0.20763101  0.00908779  0.39853165]
[ 0.  0.  0.  0.  1.  0.]
[ 0.97787523  0.00813449  0.00121778  0.00815084  0.00248996  0.00213168]
[ 1.  0.  0.  0.  0.  0.]
[ 0.02996683  0.03205706  0.09467827  0.04200684  0.20776501  0.59352601]
[ 0.  0.  1.  0.  0.  0.]
[ 0.03787941  0.03466202  0.1361085   0.06559056  0.23731279  0.48844674]
[ 0.  0.  1.  0.  0.  0.]
[ 0.07836594  0.00314709  0.33249468  0.11375015  0.00502487  0.46721718]
[ 1.  0.  0.  0.  0.  0.]
[  9.04742330e-02   1.43116491e-03   1.83575932e-04   2.71938532e-03
   1.22032268e-03   9.03971314e-01]
[ 0.  0.  0.  0.  1.  0.]
[  7.38636553e-01   7.70828992e-05   4.24066966e-05   2.55522192e-01
   4.13607201e-03   1.58574129e-03]
[ 0.  0.  0.  0.  1.  0.]
[  4.68173146e-01   6.75522664e-04   3.59833910e-04   4.92687702e-01
   1.33157363e-02   2.47880612e-02]
[ 0.  0.  0.  0.  1.  0.]
check accuracy 0.1
[  4.82723624e-01   2.64216750e-03   2.10863087e-04   6.06982037e-03
   1.23967114e-03   5.07113814e-01]
[ 0.  0.  0.  0.  0.  1.]
[  6.46768510e-01   4.97001247e-06   4.67316158e-06   3.52032840e-01
   8.48147087e-04   3.40916507e-04]
[ 0.  0.  0.  1.  0.  0.]
[  2.75844759e-05   2.26401153e-05   5.12498780e-04   1.96913575e-07
   2.81985763e-07   9.99436796e-01]
[ 1.  0.  0.  0.  0.  0.]
[  8.47178744e-05   9.63308412e-05   6.30901814e-01   5.82039211e-05
   1.28737520e-05   3.68846059e-01]
[ 1.  0.  0.  0.  0.  0.]
[  8.53984535e-01   1.86568266e-03   7.43507931e-04   7.82033354e-02
   1.48827778e-02   5.03202155e-02]
[ 0.  0.  0.  1.  0.  0.]
[ 0.10847411  0.47555703  0.12158658  0.05383727  0.23345816  0.00708684]
[ 0.  0.  0.  1.  0.  0.]
[ 0.04278336  0.03535901  0.16759446  0.09874766  0.30594695  0.34956864]
[ 0.  0.  1.  0.  0.  0.]
[ 0.69763535  0.00263667  0.00979678  0.11171504  0.05632018  0.12189601]
[ 0.  0.  0.  0.  1.  0.]
[ 0.06465872  0.01902184  0.033206    0.78553891  0.01557328  0.08200123]
[ 0.  1.  0.  0.  0.  0.]
[ 0.02791592  0.01388946  0.08406523  0.02808487  0.1239904   0.72205412]
[ 0.  0.  1.  0.  0.  0.]
[  1.95216745e-01   3.58486956e-04   3.38017265e-03   2.52472307e-03
   2.59572087e-04   7.98260331e-01]
[ 0.  1.  0.  0.  0.  0.]
[ 0.00730661  0.00641999  0.83395255  0.02937611  0.0261969   0.09674779]
[ 0.  0.  1.  0.  0.  0.]
[ 0.23956864  0.0192694   0.08247821  0.35241899  0.27998516  0.02627962]
[ 1.  0.  0.  0.  0.  0.]
[  5.14618337e-01   5.50487312e-04   2.42789698e-04   4.57655370e-01
   1.76208019e-02   9.31230187e-03]
[ 0.  0.  0.  0.  1.  0.]
[  8.80425990e-01   2.45515490e-04   7.09072556e-05   6.28166348e-02
   4.57949471e-03   5.18614948e-02]
[ 0.  0.  0.  0.  1.  0.]
[ 0.04118789  0.04034231  0.13035379  0.07264493  0.29546505  0.42000607]
[ 0.  0.  1.  0.  0.  0.]
[  1.64644212e-01   9.95689043e-05   1.51097891e-04   8.18072975e-01
   1.34846885e-02   3.54744657e-03]
[ 0.  0.  0.  0.  1.  0.]
[ 0.06632208  0.03402483  0.19458602  0.09187872  0.2367169   0.37647146]
[ 0.  0.  1.  0.  0.  0.]
[ 0.04347379  0.04070237  0.11416265  0.06497291  0.28490147  0.45178679]
[ 0.  0.  1.  0.  0.  0.]
[  9.96508300e-01   7.02204670e-06   4.89198158e-07   2.37953220e-03
   7.18733281e-05   1.03276793e-03]
[ 0.  0.  0.  1.  0.  0.]
check accuracy 0.25
[  8.41012661e-06   1.48845829e-05   2.72601210e-02   3.31355295e-06
   7.88535147e-07   9.72712457e-01]
[ 0.  0.  0.  0.  0.  1.]
[  2.38186806e-01   5.54697879e-04   1.94049164e-04   7.22467899e-01
   2.12188773e-02   1.73776932e-02]
[ 0.  0.  0.  0.  1.  0.]
[ 0.09134101  0.00547981  0.00162291  0.02993806  0.00824983  0.86336839]
[ 0.  0.  0.  1.  0.  0.]
[  4.19005960e-01   4.01128258e-04   6.91610447e-04   4.97754693e-01
   5.99446939e-03   7.61521310e-02]
[ 0.  0.  0.  0.  1.  0.]
[  4.73341061e-04   9.58682038e-04   7.26402458e-03   2.13497464e-04
   8.17353954e-04   9.90273058e-01]
[ 0.  0.  0.  0.  0.  1.]
[ 0.0426297   0.00795186  0.21661261  0.09189814  0.00917834  0.6317293 ]
[ 0.  0.  0.  0.  1.  0.]
[ 0.01078474  0.00937749  0.84924692  0.01610548  0.01088566  0.10359969]
[ 0.  0.  1.  0.  0.  0.]
[  4.13355917e-01   5.28413657e-05   2.14860207e-04   5.78245223e-01
   3.08534945e-03   5.04583865e-03]
[ 1.  0.  0.  0.  0.  0.]
[  1.06006987e-01   2.45360687e-04   8.14985775e-04   8.77396464e-01
   7.42897810e-03   8.10721051e-03]
[ 0.  0.  0.  0.  1.  0.]
[ 0.03195344  0.41993386  0.48650122  0.0166943   0.04395     0.00096724]
[ 0.  1.  0.  0.  0.  0.]
[ 0.04154059  0.03046814  0.20508312  0.13319819  0.33174953  0.25796047]
[ 0.  0.  1.  0.  0.  0.]
[  5.26395219e-04   2.26867909e-04   9.93627191e-01   2.83455360e-04
   1.44567675e-05   5.32175740e-03]
[ 1.  0.  0.  0.  0.  0.]
[ 0.32600349  0.3239255   0.0361372   0.15785562  0.15233596  0.00374217]
[ 0.  0.  0.  1.  0.  0.]
[  9.73845925e-03   3.57849849e-03   3.92838800e-03   3.24989320e-04
   3.12323449e-04   9.82117355e-01]
[ 0.  0.  0.  0.  0.  1.]
[ 0.35126057  0.00704592  0.02376215  0.58541775  0.02275587  0.0097577 ]
[ 0.  0.  0.  1.  0.  0.]
[  9.50414121e-01   8.79824976e-04   1.37385839e-04   3.97253893e-02
   2.91346759e-03   5.92967682e-03]
[ 0.  0.  0.  1.  0.  0.]
[ 0.32293096  0.00397249  0.0703349   0.38385692  0.03554516  0.18335958]
[ 1.  0.  0.  0.  0.  0.]
[  2.95202135e-05   8.81083106e-05   9.83849645e-01   1.27202482e-04
   6.89123135e-06   1.58985816e-02]
[ 0.  1.  0.  0.  0.  0.]
[ 0.09485022  0.00492581  0.01670827  0.81153643  0.03665588  0.03532333]
[ 1.  0.  0.  0.  0.  0.]
[ 0.27897421  0.01495892  0.54441404  0.10651926  0.01216186  0.0429717 ]
[ 0.  0.  0.  0.  0.  1.]
check accuracy 0.3
[ 0.03790348  0.03437616  0.14055724  0.06341933  0.2204828   0.50326091]
[ 0.  0.  1.  0.  0.  0.]
[  5.45650546e-04   5.31005964e-04   3.81967247e-01   1.43205433e-03
   4.04267688e-04   6.15119815e-01]
[ 0.  0.  0.  0.  0.  1.]
[  5.47877571e-05   1.03496030e-04   9.62408334e-02   5.70258635e-05
   1.79844319e-05   9.03525889e-01]
[ 0.  0.  0.  0.  0.  1.]
[ 0.00970691  0.0037103   0.48498818  0.00720257  0.01267518  0.48171687]
[ 0.  0.  1.  0.  0.  0.]
[  2.04639765e-03   6.98752119e-04   9.80348170e-01   6.35477307e-04
   2.28222256e-04   1.60428081e-02]
[ 0.  0.  0.  1.  0.  0.]
[  2.18484655e-01   3.27517308e-04   1.38489559e-04   7.36491084e-01
   3.90595496e-02   5.49862813e-03]
[ 0.  0.  0.  1.  0.  0.]
[ 0.02714086  0.34386086  0.6039257   0.01349299  0.00955953  0.00202013]
[ 0.  1.  0.  0.  0.  0.]
[ 0.01121784  0.0073001   0.21348019  0.01057299  0.00351091  0.75391793]
[ 0.  0.  0.  0.  1.  0.]
[  1.42843754e-04   5.01126866e-04   8.28451157e-01   5.75799844e-04
   9.47205917e-05   1.70234367e-01]
[ 0.  1.  0.  0.  0.  0.]
[  8.90737712e-01   3.32602349e-06   1.21428548e-06   1.08578652e-01
   3.35982011e-04   3.43227905e-04]
[ 0.  0.  0.  1.  0.  0.]
[  9.81875122e-01   4.48447326e-03   3.66769382e-05   1.16307451e-03
   2.91264057e-03   9.52798873e-03]
[ 0.  0.  0.  1.  0.  0.]
[ 0.45847529  0.09235805  0.06546912  0.0788892   0.18994458  0.11486377]
[ 0.  0.  0.  0.  1.  0.]
[  8.21237385e-01   6.96762698e-04   6.05196925e-04   1.94216799e-02
   6.87912293e-03   1.51159927e-01]
[ 0.  0.  0.  1.  0.  0.]
[ 0.12384962  0.00147627  0.00240834  0.84359622  0.02323509  0.00543436]
[ 0.  0.  0.  0.  1.  0.]
[ 0.16872047  0.00267803  0.09646676  0.2317815   0.01723019  0.48312303]
[ 0.  1.  0.  0.  0.  0.]
[  3.31804790e-02   1.11469897e-04   4.87562589e-04   9.61285412e-01
   2.94252485e-03   1.99258956e-03]
[ 0.  0.  0.  1.  0.  0.]
[  4.44242060e-01   5.19397086e-04   3.78327328e-04   5.10545731e-01
   1.33292507e-02   3.09852809e-02]
[ 0.  0.  0.  0.  1.  0.]
[ 0.1465226   0.0146113   0.75696772  0.02235445  0.00599575  0.05354816]
[ 1.  0.  0.  0.  0.  0.]
[ 0.04105332  0.03341642  0.13946885  0.073226    0.27293801  0.43989736]
[ 0.  0.  1.  0.  0.  0.]
[  3.57601941e-01   1.49185271e-05   1.03081664e-04   6.05728805e-01
   4.87909233e-03   3.16721462e-02]
[ 0.  0.  0.  1.  0.  0.]
check accuracy 0
[  6.90967252e-04   1.19414495e-03   9.05147195e-03   2.55307299e-04
   1.42894418e-03   9.87379253e-01]
[ 0.  0.  1.  0.  0.  0.]
[ 0.02575483  0.02341075  0.31086239  0.09227819  0.18517169  0.36252216]
[ 0.  0.  1.  0.  0.  0.]
[ 0.05774072  0.05177819  0.18254246  0.09806807  0.34257963  0.26729095]
[ 0.  0.  1.  0.  0.  0.]
[ 0.08109266  0.18516649  0.00799381  0.00639948  0.10237087  0.61697668]
[ 0.  0.  0.  0.  1.  0.]
[ 0.23113099  0.01442964  0.29791072  0.01835765  0.00393063  0.43424037]
[ 0.  1.  0.  0.  0.  0.]
[ 0.03660649  0.01548379  0.63901711  0.07401532  0.10913745  0.12573986]
[ 0.  0.  0.  0.  0.  1.]
[ 0.50665021  0.00089308  0.00050985  0.11844192  0.0070209   0.36648396]
[ 0.  0.  0.  1.  0.  0.]
[ 0.25037307  0.00106716  0.00674942  0.7244851   0.0091905   0.00813479]
[ 1.  0.  0.  0.  0.  0.]
[  1.31371533e-02   1.06921952e-05   1.88004233e-05   9.85117078e-01
   1.19019230e-03   5.26066811e-04]
[ 0.  0.  0.  0.  1.  0.]
