check accuracy 0.15
[ 0.07220197  0.09496857  0.10874022  0.01632522  0.2039414   0.50382262]
[ 1.  0.  0.  0.  0.  0.]
[ 0.03234239  0.03054022  0.22631426  0.0256404   0.47131115  0.21385157]
[ 0.  0.  0.  0.  0.  1.]
[  1.34424837e-02   1.08958244e-04   8.83671045e-01   4.67208971e-04
   2.85428273e-03   9.94559973e-02]
[ 0.  1.  0.  0.  0.  0.]
[ 0.10850859  0.33751768  0.02664394  0.02435597  0.16960794  0.33336586]
[ 1.  0.  0.  0.  0.  0.]
[ 0.04971893  0.0473624   0.21646711  0.02231416  0.3715266   0.29261076]
[ 0.  0.  0.  0.  1.  0.]
[ 0.01202571  0.00328824  0.18158855  0.01189936  0.74463958  0.0465586 ]
[ 1.  0.  0.  0.  0.  0.]
[ 0.10453843  0.02128446  0.36093256  0.01380478  0.10769425  0.39174551]
[ 0.  1.  0.  0.  0.  0.]
[ 0.0758291   0.24739809  0.01862935  0.02015846  0.04557884  0.59240609]
[ 0.  0.  0.  1.  0.  0.]
[ 0.10347154  0.27789217  0.03711214  0.02023266  0.10569399  0.45559746]
[ 0.  0.  0.  0.  1.  0.]
[ 0.06373611  0.0493403   0.1213134   0.0304346   0.49899578  0.23617978]
[ 0.  0.  0.  1.  0.  0.]
[ 0.06735464  0.38619286  0.00932629  0.0399967   0.0220734   0.47505608]
[ 0.  0.  0.  1.  0.  0.]
[ 0.01881209  0.00924468  0.4399634   0.0061751   0.12366793  0.40213689]
[ 0.  0.  1.  0.  0.  0.]
[ 0.04907377  0.03933497  0.21486178  0.01119547  0.20749958  0.47803447]
[ 1.  0.  0.  0.  0.  0.]
[  2.42234976e-03   5.40949753e-04   8.60069692e-01   2.70160090e-04
   1.15271052e-03   1.35544181e-01]
[ 0.  0.  1.  0.  0.  0.]
[ 0.0526746   0.02881979  0.3802208   0.01233377  0.21656471  0.30938628]
[ 1.  0.  0.  0.  0.  0.]
[ 0.08286387  0.30254468  0.01827742  0.0164005   0.05161616  0.52829736]
[ 0.  0.  0.  1.  0.  0.]
[ 0.02291688  0.00501173  0.10078245  0.01589764  0.78272146  0.07266986]
[ 1.  0.  0.  0.  0.  0.]
[ 0.07919514  0.15133832  0.07075913  0.01437759  0.10166489  0.58266497]
[ 0.  0.  1.  0.  0.  0.]
[ 0.11708888  0.22276834  0.06556081  0.02124868  0.18136613  0.39196721]
[ 0.  0.  1.  0.  0.  0.]
[ 0.04187434  0.03021079  0.21662304  0.01526157  0.3719787   0.32405159]
[ 0.  0.  0.  1.  0.  0.]
check accuracy 0.2
[ 0.10420197  0.22394495  0.06211352  0.02352235  0.15976475  0.42645246]
[ 0.  0.  1.  0.  0.  0.]
[  3.78473662e-03   2.16020984e-04   9.90405619e-01   3.33820004e-04
   4.66313068e-04   4.79344185e-03]
[ 0.  0.  1.  0.  0.  0.]
[ 0.21293049  0.07837246  0.17763504  0.0358006   0.25685847  0.23840302]
[ 0.  1.  0.  0.  0.  0.]
[ 0.03166436  0.00946333  0.42176178  0.04241563  0.2423774   0.25231758]
[ 0.  0.  0.  0.  1.  0.]
[ 0.05803454  0.61534536  0.00316304  0.0359789   0.10870304  0.17877509]
[ 0.  0.  0.  1.  0.  0.]
[ 0.04104169  0.01421733  0.56338501  0.00782903  0.14163548  0.23189138]
[ 1.  0.  0.  0.  0.  0.]
[ 0.10451671  0.22619158  0.01689768  0.01664885  0.066115    0.56963015]
[ 0.  0.  0.  1.  0.  0.]
[ 0.1014658   0.36716253  0.01809362  0.01425694  0.0750231   0.42399797]
[ 0.  0.  1.  0.  0.  0.]
[ 0.09398782  0.46549112  0.01224277  0.03006458  0.07530158  0.32291216]
[ 1.  0.  0.  0.  0.  0.]
[ 0.04377299  0.00756904  0.27637792  0.0177126   0.4509705   0.20359693]
[ 0.  1.  0.  0.  0.  0.]
[ 0.05548004  0.07826113  0.17024732  0.02246407  0.31136587  0.36218151]
[ 1.  0.  0.  0.  0.  0.]
[ 0.02907618  0.69160354  0.00162209  0.06893102  0.05751227  0.15125491]
[ 0.  0.  0.  1.  0.  0.]
[  1.81023136e-03   3.55178083e-04   8.98258388e-01   4.86147299e-04
   1.14119900e-02   8.76779929e-02]
[ 0.  0.  0.  0.  0.  1.]
[  1.90557283e-03   3.71630340e-05   9.06297684e-01   1.66246231e-04
   3.85527615e-03   8.77379850e-02]
[ 0.  1.  0.  0.  0.  0.]
[ 0.11693422  0.240518    0.05076926  0.02130656  0.16415364  0.40631834]
[ 0.  0.  1.  0.  0.  0.]
[ 0.02457369  0.00172937  0.5666573   0.00751104  0.27201438  0.1275142 ]
[ 0.  0.  0.  0.  0.  1.]
[ 0.07625133  0.2390838   0.02373014  0.01376883  0.06212487  0.58504111]
[ 0.  0.  0.  0.  1.  0.]
[  7.65850360e-04   1.43015903e-04   9.15710449e-01   1.24194194e-04
   1.16162712e-03   8.20949152e-02]
[ 0.  0.  1.  0.  0.  0.]
[  6.79253043e-10   4.52350803e-13   9.99999881e-01   3.48260721e-12
   2.63268487e-11   1.46347361e-07]
[ 0.  0.  1.  0.  0.  0.]
[  2.73557725e-05   2.81251232e-07   9.97357309e-01   1.17359798e-06
   1.12500229e-05   2.60254601e-03]
[ 0.  0.  1.  0.  0.  0.]
check accuracy 0
[  2.51025688e-02   3.94058123e-04   9.44553912e-01   1.58723595e-03
   4.16247686e-03   2.41997577e-02]
[ 0.  1.  0.  0.  0.  0.]
[ 0.06884734  0.5398556   0.00999583  0.04802172  0.20299777  0.13028175]
[ 0.  0.  0.  1.  0.  0.]
[ 0.1104026   0.20245799  0.05765533  0.02162906  0.16422664  0.44362837]
[ 0.  0.  1.  0.  0.  0.]
[ 0.23414762  0.14022881  0.41331443  0.03724996  0.06394799  0.11111125]
[ 0.  1.  0.  0.  0.  0.]
[ 0.02709994  0.01620695  0.11683277  0.02723479  0.74499559  0.06762996]
[ 0.  0.  0.  1.  0.  0.]
[ 0.03553965  0.02949612  0.27526242  0.01529961  0.31479743  0.32960474]
[ 0.  1.  0.  0.  0.  0.]
[ 0.06911009  0.42775843  0.01532005  0.02804831  0.0679935   0.39176956]
[ 0.  0.  0.  0.  1.  0.]
[ 0.08972327  0.22940379  0.03405818  0.02329236  0.29331723  0.3302052 ]
[ 0.  0.  0.  0.  1.  0.]
[ 0.06915458  0.01139194  0.58468246  0.01272218  0.12383975  0.19820909]
[ 0.  0.  0.  0.  0.  1.]
[ 0.14999941  0.48152575  0.00765247  0.12361802  0.05441069  0.18279357]
[ 0.  0.  0.  1.  0.  0.]
[ 0.07916696  0.17932227  0.08150934  0.02017487  0.17613715  0.46368936]
[ 0.  0.  0.  1.  0.  0.]
[ 0.07023883  0.09124886  0.13179094  0.01165493  0.10491446  0.59015197]
[ 0.  0.  0.  0.  1.  0.]
[  3.52867093e-04   5.71306555e-06   9.88652289e-01   1.45718459e-05
   1.69910665e-04   1.08045377e-02]
[ 0.  0.  0.  0.  0.  1.]
[ 0.10366365  0.40396559  0.03129445  0.02769711  0.12341173  0.30996743]
[ 0.  0.  0.  0.  1.  0.]
[  9.62223639e-05   4.42021076e-07   9.99727428e-01   3.08330550e-06
   3.80280903e-06   1.69034523e-04]
[ 0.  0.  0.  0.  0.  1.]
[ 0.05635563  0.05477476  0.12687114  0.01027313  0.06745654  0.68426883]
[ 0.  0.  0.  0.  1.  0.]
[  4.87602130e-03   6.60223130e-04   9.57814872e-01   7.26751983e-04
   1.25020929e-03   3.46719623e-02]
[ 0.  1.  0.  0.  0.  0.]
[  1.07668602e-04   7.88901389e-07   9.99239445e-01   1.94132735e-06
   5.56127270e-06   6.44672778e-04]
[ 0.  0.  0.  0.  0.  1.]
[ 0.08355376  0.13124283  0.05007128  0.01109955  0.07549361  0.64853901]
[ 0.  0.  1.  0.  0.  0.]
[ 0.02066304  0.00765356  0.53248137  0.00533014  0.15221269  0.28165919]
[ 0.  1.  0.  0.  0.  0.]
check accuracy 0.25
[ 0.01439862  0.01857473  0.01871894  0.00237598  0.00847628  0.93745542]
[ 1.  0.  0.  0.  0.  0.]
[ 0.03287324  0.00765862  0.47528353  0.00472156  0.10529759  0.37416539]
[ 1.  0.  0.  0.  0.  0.]
[ 0.05540355  0.03709356  0.18984251  0.01162071  0.14601429  0.56002533]
[ 1.  0.  0.  0.  0.  0.]
[ 0.06440943  0.08966911  0.16909374  0.02935415  0.27394775  0.37352586]
[ 0.  0.  0.  0.  1.  0.]
[  1.84723027e-02   3.12138436e-04   9.44690943e-01   1.89081568e-03
   6.81705726e-03   2.78166849e-02]
[ 0.  0.  0.  0.  0.  1.]
[  9.67334607e-04   9.66711086e-05   9.21677291e-01   1.02443497e-04
   1.20186491e-03   7.59544075e-02]
[ 0.  0.  1.  0.  0.  0.]
[ 0.11811154  0.25293598  0.04624129  0.02099526  0.1644427   0.39727321]
[ 0.  0.  1.  0.  0.  0.]
[  7.50362616e-08   1.55173804e-10   9.99998093e-01   8.21258450e-10
   2.47607490e-09   1.82839790e-06]
[ 0.  0.  1.  0.  0.  0.]
[ 0.02449823  0.018062    0.48393479  0.00712609  0.1802095   0.28616941]
[ 1.  0.  0.  0.  0.  0.]
[ 0.07697033  0.058726    0.07445198  0.00895414  0.04749499  0.73340255]
[ 0.  0.  1.  0.  0.  0.]
[ 0.09055639  0.38371614  0.01263369  0.01667392  0.05656221  0.43985775]
[ 0.  0.  0.  0.  1.  0.]
[ 0.0220351   0.00361432  0.52173644  0.00556599  0.05846167  0.38858652]
[ 1.  0.  0.  0.  0.  0.]
[  5.97390695e-04   2.69279426e-05   9.88819659e-01   5.93131845e-05
   9.33988835e-04   9.56280436e-03]
[ 0.  1.  0.  0.  0.  0.]
[ 0.05124127  0.00195137  0.89768869  0.00313438  0.01032655  0.03565776]
[ 1.  0.  0.  0.  0.  0.]
[ 0.09449577  0.22892343  0.04508698  0.02072489  0.27391934  0.33684951]
[ 0.  0.  0.  0.  0.  1.]
[ 0.03166029  0.01324991  0.16317777  0.01070723  0.57018852  0.21101624]
[ 0.  1.  0.  0.  0.  0.]
[ 0.05771086  0.00466829  0.45226374  0.01485798  0.32871318  0.14178592]
[ 0.  0.  1.  0.  0.  0.]
[  5.27007738e-03   1.57609873e-04   9.55288947e-01   3.58345569e-04
   2.64638383e-03   3.62786688e-02]
[ 0.  0.  0.  0.  0.  1.]
[  2.13393965e-03   1.06893945e-04   9.31155026e-01   1.46082457e-04
   9.65359737e-04   6.54926673e-02]
[ 0.  0.  0.  1.  0.  0.]
[ 0.0181166   0.00778165  0.52042711  0.00495807  0.08867908  0.36003742]
[ 0.  0.  1.  0.  0.  0.]
check accuracy 0.15
[  7.65635923e-06   1.13950067e-08   9.99872208e-01   3.68817439e-08
   3.15889707e-07   1.19743905e-04]
[ 0.  0.  1.  0.  0.  0.]
[ 0.01260172  0.0052227   0.42189887  0.00243249  0.04953041  0.50831383]
[ 0.  0.  1.  0.  0.  0.]
[ 0.02908587  0.01503093  0.24381207  0.01536362  0.51104921  0.18565831]
[ 0.  0.  0.  0.  0.  1.]
[ 0.11077141  0.23408596  0.0487579   0.02476195  0.18924701  0.39237583]
[ 0.  0.  1.  0.  0.  0.]
[  5.90030368e-06   2.26755041e-08   9.99896646e-01   1.43319625e-07
   7.53823429e-07   9.65528670e-05]
[ 0.  0.  0.  0.  0.  1.]
[ 0.09117997  0.38286474  0.01420115  0.0223637   0.06042438  0.42896613]
[ 0.  0.  0.  0.  1.  0.]
[ 0.04209697  0.80969673  0.00117263  0.03053876  0.03946581  0.07702916]
[ 0.  0.  0.  1.  0.  0.]
[ 0.05073825  0.00425703  0.81780034  0.00629186  0.05225148  0.06866104]
[ 0.  0.  0.  1.  0.  0.]
[ 0.08661231  0.122638    0.10657406  0.022832    0.35212249  0.30922121]
[ 0.  0.  0.  0.  0.  1.]
[ 0.09207565  0.12694186  0.07874309  0.01277311  0.09887373  0.59059256]
[ 1.  0.  0.  0.  0.  0.]
[  8.29268596e-04   1.46005288e-04   9.66406584e-01   2.08094018e-04
   3.31929722e-03   2.90907323e-02]
[ 0.  1.  0.  0.  0.  0.]
[ 0.01836975  0.00345881  0.58967274  0.00619755  0.186004    0.19629711]
[ 0.  0.  0.  0.  0.  1.]
[  5.05844446e-06   2.25510117e-08   9.99935985e-01   1.17503944e-07
   2.44631991e-07   5.84897280e-05]
[ 0.  0.  0.  0.  0.  1.]
[ 0.01617662  0.00179539  0.67179906  0.00263694  0.12214359  0.18544833]
[ 1.  0.  0.  0.  0.  0.]
[ 0.09596571  0.19336195  0.06096285  0.01831676  0.12808107  0.50331169]
[ 0.  0.  0.  0.  1.  0.]
[ 0.07435503  0.10310395  0.14009996  0.02692635  0.29357359  0.36194119]
[ 0.  0.  0.  0.  0.  1.]
[ 0.0047665   0.00124964  0.77217662  0.00080799  0.00582075  0.21517844]
[ 0.  1.  0.  0.  0.  0.]
[ 0.02397331  0.01138911  0.46297356  0.00531925  0.13143472  0.36491007]
[ 0.  0.  1.  0.  0.  0.]
[ 0.03652485  0.02370556  0.24930757  0.01682406  0.37831202  0.29532602]
[ 1.  0.  0.  0.  0.  0.]
[  1.85304181e-08   8.76948375e-11   9.99999881e-01   4.10158574e-10
   9.07965370e-10   1.54996982e-07]
[ 0.  0.  0.  0.  0.  1.]
check accuracy 0.05
[ 0.08528741  0.48723811  0.01182976  0.02504183  0.0766705   0.31393242]
[ 0.  0.  0.  0.  1.  0.]
[ 0.04275813  0.05094439  0.16224577  0.0236638   0.39084578  0.32954213]
[ 1.  0.  0.  0.  0.  0.]
[  1.24541949e-03   1.52823759e-05   9.97391939e-01   4.26914339e-05
   8.89716612e-05   1.21568330e-03]
[ 0.  1.  0.  0.  0.  0.]
[ 0.05286839  0.27517509  0.03569236  0.03260161  0.08805776  0.51560479]
[ 0.  0.  0.  0.  1.  0.]
[  6.36235811e-08   1.03921594e-10   9.99998450e-01   5.18570353e-10
   1.79978477e-09   1.38614007e-06]
[ 0.  0.  0.  0.  0.  1.]
[ 0.10183053  0.35597146  0.02257345  0.01922873  0.09856744  0.40182835]
[ 0.  0.  0.  1.  0.  0.]
[ 0.10209779  0.23229218  0.05923949  0.0232279   0.16694979  0.41619289]
[ 1.  0.  0.  0.  0.  0.]
[ 0.03103864  0.03171072  0.2615009   0.00608677  0.06087172  0.60879129]
[ 0.  0.  1.  0.  0.  0.]
[ 0.09684639  0.29319543  0.045306    0.02205566  0.11803379  0.42456278]
[ 1.  0.  0.  0.  0.  0.]
[ 0.05758804  0.14156274  0.15788242  0.03437163  0.23199165  0.37660345]
[ 1.  0.  0.  0.  0.  0.]
[ 0.04647721  0.01802493  0.15260489  0.00445174  0.05481744  0.72362369]
[ 0.  1.  0.  0.  0.  0.]
[ 0.01271295  0.00447169  0.59576237  0.00174347  0.02893477  0.35637477]
[ 0.  0.  1.  0.  0.  0.]
[ 0.11814689  0.31706396  0.03364972  0.02363371  0.14232413  0.36518151]
[ 0.  0.  0.  1.  0.  0.]
[ 0.02014568  0.03312166  0.05577552  0.00622868  0.0191654   0.86556309]
[ 0.  1.  0.  0.  0.  0.]
[ 0.05940755  0.59659308  0.00764065  0.04182195  0.09291095  0.20162588]
[ 0.  0.  0.  1.  0.  0.]
[ 0.12107104  0.28542289  0.03309127  0.02228927  0.1808302   0.3572953 ]
[ 0.  0.  1.  0.  0.  0.]
[ 0.08341966  0.09817326  0.06285773  0.00859566  0.09389156  0.65306216]
[ 0.  1.  0.  0.  0.  0.]
[  6.19180966e-04   8.30838835e-05   9.16263461e-01   1.94832828e-04
   3.61265149e-03   7.92268068e-02]
[ 0.  1.  0.  0.  0.  0.]
[ 0.08051714  0.37854078  0.01602905  0.01768461  0.05815912  0.44906932]
[ 0.  0.  0.  0.  1.  0.]
[  8.31082829e-08   1.26766403e-10   9.99998331e-01   8.16526124e-10
   1.89139970e-09   1.57806858e-06]
[ 0.  1.  0.  0.  0.  0.]
check accuracy 0.05
[  2.90879019e-04   1.10482788e-05   9.90870178e-01   2.21475366e-05
   3.36309779e-04   8.46947916e-03]
[ 1.  0.  0.  0.  0.  0.]
[ 0.02004547  0.00398259  0.7216503   0.00466776  0.07986778  0.16978616]
[ 1.  0.  0.  0.  0.  0.]
[ 0.06946696  0.17226377  0.11878924  0.03031206  0.05120462  0.55796331]
[ 0.  1.  0.  0.  0.  0.]
[ 0.04859746  0.52287787  0.00369048  0.041672    0.19053301  0.19262913]
[ 0.  0.  0.  1.  0.  0.]
[ 0.06199284  0.32843328  0.0176804   0.01869029  0.05039853  0.52280462]
[ 0.  0.  0.  1.  0.  0.]
[ 0.06979374  0.13408731  0.13444662  0.03096904  0.27335784  0.35734552]
[ 0.  0.  0.  0.  1.  0.]
[ 0.04318378  0.00167642  0.61018568  0.00518567  0.20102233  0.13874607]
[ 0.  1.  0.  0.  0.  0.]
[ 0.02330767  0.03106895  0.20834868  0.01015328  0.02681022  0.70031124]
[ 0.  0.  1.  0.  0.  0.]
[ 0.01373492  0.01152844  0.08129589  0.00209401  0.01157138  0.87977535]
[ 0.  0.  1.  0.  0.  0.]
[ 0.02648647  0.02289789  0.10477339  0.00764542  0.10356002  0.73463684]
[ 0.  1.  0.  0.  0.  0.]
[  8.04488431e-04   1.70054103e-04   9.38514709e-01   9.45572392e-05
   1.08379149e-03   5.93323857e-02]
[ 0.  0.  1.  0.  0.  0.]
[ 0.05226627  0.47737297  0.00480717  0.17011546  0.09750821  0.19792983]
[ 0.  0.  0.  1.  0.  0.]
[ 0.13329476  0.21896629  0.07409335  0.08380875  0.12675475  0.3630822 ]
[ 0.  0.  0.  0.  1.  0.]
[  4.74498986e-04   1.01829264e-05   9.95091677e-01   2.33829578e-05
   4.41060576e-04   3.95921664e-03]
[ 0.  0.  0.  0.  0.  1.]
[  3.80828744e-03   1.45973740e-04   8.99338841e-01   1.19886849e-04
   2.32710992e-03   9.42600742e-02]
[ 0.  1.  0.  0.  0.  0.]
[  3.69336952e-08   2.04665757e-10   9.99999881e-01   1.12900966e-09
   4.57065136e-10   1.18645751e-07]
[ 0.  0.  0.  0.  0.  1.]
[  9.52317987e-06   3.70520290e-08   9.99765575e-01   1.17971638e-07
   6.57774649e-07   2.24075149e-04]
[ 0.  1.  0.  0.  0.  0.]
[ 0.13845746  0.16990811  0.08704676  0.01800267  0.20219509  0.38438988]
[ 1.  0.  0.  0.  0.  0.]
[ 0.02221349  0.00184778  0.74112248  0.011546    0.14043868  0.08283155]
[ 1.  0.  0.  0.  0.  0.]
[  2.74476679e-06   9.67649161e-09   9.99718964e-01   3.50396654e-08
   3.40052566e-07   2.77945015e-04]
[ 0.  0.  0.  0.  0.  1.]
check accuracy 0.2
[ 0.05115133  0.04940382  0.10654348  0.00984319  0.12294659  0.66011155]
[ 0.  0.  1.  0.  0.  0.]
[ 0.07992717  0.5442335   0.01161197  0.02370193  0.11073912  0.22978634]
[ 0.  0.  0.  0.  1.  0.]
[ 0.01764363  0.01107264  0.28840357  0.01639472  0.51624554  0.15023988]
[ 0.  1.  0.  0.  0.  0.]
[ 0.07843968  0.06815865  0.21517804  0.01241349  0.15730493  0.4685052 ]
[ 1.  0.  0.  0.  0.  0.]
[ 0.06293204  0.66912365  0.00247578  0.07686717  0.05067541  0.13792592]
[ 0.  0.  0.  1.  0.  0.]
[ 0.08396948  0.10619932  0.18087047  0.02601028  0.18719512  0.41575533]
[ 0.  1.  0.  0.  0.  0.]
[ 0.01436823  0.01459875  0.0561592   0.0051647   0.00794508  0.90176409]
[ 0.  0.  0.  1.  0.  0.]
[ 0.11118261  0.18612128  0.05523349  0.02228416  0.1935772   0.4316012 ]
[ 0.  0.  1.  0.  0.  0.]
[ 0.09578945  0.3594828   0.02381185  0.02355218  0.10812357  0.38924012]
[ 0.  0.  0.  1.  0.  0.]
[  3.45326553e-05   8.60521197e-07   9.96927440e-01   2.99364524e-06
   3.89905981e-05   2.99525354e-03]
[ 0.  0.  1.  0.  0.  0.]
[ 0.0805647   0.416448    0.01861002  0.0205076   0.06286355  0.40100613]
[ 0.  0.  0.  0.  1.  0.]
[  2.04999407e-04   3.45896069e-06   9.95214224e-01   7.07573417e-06
   8.47686388e-05   4.48537758e-03]
[ 0.  0.  0.  0.  0.  1.]
[  2.42234976e-03   5.40949753e-04   8.60069692e-01   2.70160090e-04
   1.15271052e-03   1.35544181e-01]
[ 0.  0.  1.  0.  0.  0.]
[ 0.0171287   0.00667888  0.56455779  0.00412248  0.00719463  0.40031761]
[ 0.  0.  1.  0.  0.  0.]
[ 0.02730599  0.00810862  0.21225071  0.00330411  0.03741372  0.71161687]
[ 0.  0.  1.  0.  0.  0.]
[ 0.10731511  0.4541932   0.00979646  0.02888477  0.09522171  0.30458874]
[ 0.  0.  0.  0.  1.  0.]
[ 0.07618429  0.38535371  0.00625623  0.03638022  0.08856488  0.40726063]
[ 0.  0.  0.  0.  1.  0.]
[ 0.11300337  0.19166246  0.00544272  0.00769884  0.03354626  0.64864635]
[ 0.  0.  0.  1.  0.  0.]
[  6.14444652e-05   5.86880503e-07   9.99204338e-01   1.51913423e-06
   1.46110224e-05   7.17477698e-04]
[ 0.  0.  1.  0.  0.  0.]
[  2.30625854e-03   4.66730125e-05   9.82668221e-01   1.11858360e-04
   2.60371203e-03   1.22632021e-02]
[ 0.  0.  0.  0.  0.  1.]
check accuracy 0.05
[ 0.12237075  0.31119028  0.02030211  0.04917663  0.05453993  0.44242033]
[ 0.  0.  0.  1.  0.  0.]
[ 0.05323747  0.05380334  0.16983247  0.02407782  0.38532478  0.31372416]
[ 0.  0.  0.  0.  0.  1.]
[  1.76525712e-02   4.50947002e-04   8.78655732e-01   1.07355707e-03
   1.35012353e-02   8.86659175e-02]
[ 0.  0.  1.  0.  0.  0.]
[ 0.00607232  0.00285852  0.73434711  0.0043893   0.09852366  0.15380906]
[ 0.  0.  0.  0.  1.  0.]
[ 0.08125313  0.20056111  0.02612105  0.02019491  0.05774568  0.61412418]
[ 1.  0.  0.  0.  0.  0.]
[ 0.05954636  0.53212762  0.01349157  0.02497971  0.05159049  0.31826425]
[ 0.  0.  0.  1.  0.  0.]
[ 0.06743954  0.66837335  0.00358663  0.04548034  0.05384868  0.16127148]
[ 0.  0.  0.  1.  0.  0.]
[ 0.10409946  0.46714517  0.00831145  0.03003953  0.08135548  0.30904889]
[ 1.  0.  0.  0.  0.  0.]
[  4.72069485e-03   8.92960234e-05   9.80998218e-01   2.35648549e-04
   7.55182176e-04   1.32008428e-02]
[ 0.  0.  0.  0.  0.  1.]
[ 0.09015954  0.45610994  0.01740414  0.02297372  0.08380201  0.32955065]
[ 0.  0.  0.  0.  1.  0.]
[ 0.10948934  0.2513223   0.05595194  0.0243958   0.20171794  0.3571226 ]
[ 0.  0.  1.  0.  0.  0.]
[ 0.05523263  0.11793259  0.08856943  0.05100325  0.53298223  0.1542799 ]
[ 0.  0.  0.  1.  0.  0.]
[ 0.06534024  0.05878762  0.21646601  0.01090895  0.22092572  0.42757145]
[ 1.  0.  0.  0.  0.  0.]
[  8.89318995e-03   5.08198107e-04   9.54465449e-01   4.82725532e-04
   2.47848313e-03   3.31718698e-02]
[ 1.  0.  0.  0.  0.  0.]
[ 0.09145467  0.13837856  0.109767    0.02060312  0.18335162  0.4564451 ]
[ 0.  0.  1.  0.  0.  0.]
[ 0.07563759  0.41284615  0.01662352  0.02048812  0.0480483   0.42635632]
[ 0.  0.  0.  0.  1.  0.]
[  1.52397817e-02   7.55087531e-04   9.70900774e-01   1.41772744e-03
   1.03392056e-03   1.06527386e-02]
[ 0.  1.  0.  0.  0.  0.]
[ 0.04945422  0.70462465  0.00303582  0.03112449  0.08800503  0.12375583]
[ 0.  0.  0.  1.  0.  0.]
[ 0.06149004  0.03822108  0.11222282  0.02594417  0.55330116  0.20882075]
[ 0.  0.  1.  0.  0.  0.]
[ 0.04269612  0.04353363  0.71698844  0.02591329  0.00444526  0.16642323]
[ 0.  1.  0.  0.  0.  0.]
check accuracy 0.1
[ 0.11845472  0.21841438  0.0486606   0.01891312  0.13526818  0.46028906]
[ 0.  0.  1.  0.  0.  0.]
[ 0.08630903  0.19201122  0.07322546  0.02308293  0.18413936  0.441232  ]
[ 1.  0.  0.  0.  0.  0.]
[ 0.0879279   0.31579474  0.02336532  0.02228051  0.09691916  0.4537124 ]
[ 1.  0.  0.  0.  0.  0.]
[ 0.02976504  0.00236223  0.13188742  0.00102505  0.0239862   0.810974  ]
[ 0.  1.  0.  0.  0.  0.]
[ 0.04125848  0.00258957  0.86707121  0.0029717   0.01057745  0.07553168]
[ 0.  0.  0.  0.  0.  1.]
[ 0.07356501  0.42090544  0.00801564  0.01978598  0.04284104  0.43488699]
[ 0.  0.  0.  0.  1.  0.]
[ 0.02839816  0.01149129  0.17490223  0.01960118  0.62651175  0.1390955 ]
[ 0.  0.  0.  0.  0.  1.]
[ 0.04075643  0.00511406  0.19840367  0.00598625  0.49558413  0.25415546]
[ 1.  0.  0.  0.  0.  0.]
[  1.13637485e-02   3.75172131e-05   9.67025101e-01   6.64382882e-04
   4.11721366e-03   1.67920887e-02]
[ 0.  0.  0.  0.  0.  1.]
[ 0.05286496  0.06504513  0.10532796  0.01050094  0.12610425  0.64015675]
[ 0.  1.  0.  0.  0.  0.]
[  1.39641452e-05   6.96231410e-08   9.97434556e-01   1.74285177e-07
   3.34173069e-06   2.54800380e-03]
[ 0.  1.  0.  0.  0.  0.]
[  1.07773310e-04   6.95566996e-06   9.91665781e-01   1.24435592e-05
   1.08271597e-04   8.09875503e-03]
[ 0.  0.  1.  0.  0.  0.]
[ 0.02301464  0.00098023  0.94412541  0.00128863  0.00351727  0.02707382]
[ 0.  0.  0.  0.  0.  1.]
[  9.08610132e-03   6.58345583e-04   6.66404366e-01   3.62484460e-03
   1.86363325e-01   1.33863062e-01]
[ 0.  0.  0.  0.  0.  1.]
[ 0.02767274  0.01626002  0.41829398  0.01030096  0.09879287  0.42867941]
[ 0.  0.  0.  1.  0.  0.]
[ 0.10124591  0.34349889  0.02708213  0.02215099  0.14751849  0.35850361]
[ 1.  0.  0.  0.  0.  0.]
[ 0.07684837  0.00882521  0.69191378  0.01438829  0.0955442   0.11248018]
[ 1.  0.  0.  0.  0.  0.]
[ 0.01031205  0.00234347  0.79164553  0.00235885  0.02773412  0.16560607]
[ 0.  0.  1.  0.  0.  0.]
[ 0.07810058  0.25943133  0.04076377  0.0408893   0.27569905  0.30511603]
[ 1.  0.  0.  0.  0.  0.]
[ 0.07531919  0.50106579  0.00997634  0.03840583  0.06095887  0.31427401]
[ 0.  0.  0.  1.  0.  0.]
check accuracy 0.2
[ 0.0273945   0.01217932  0.22350068  0.00388081  0.05321048  0.67983425]
[ 0.  0.  0.  0.  0.  1.]
[ 0.03783275  0.19782774  0.02038591  0.03139121  0.03412102  0.67844135]
[ 0.  0.  0.  1.  0.  0.]
[ 0.10956518  0.31310475  0.00770867  0.01442933  0.06321135  0.49198073]
[ 0.  0.  0.  1.  0.  0.]
[ 0.0338646   0.00120608  0.70744622  0.0073675   0.16868238  0.08143312]
[ 0.  1.  0.  0.  0.  0.]
[ 0.02501882  0.02089213  0.32072935  0.02819059  0.22325712  0.38191193]
[ 1.  0.  0.  0.  0.  0.]
[ 0.03103864  0.03171072  0.2615009   0.00608677  0.06087172  0.60879129]
[ 0.  0.  1.  0.  0.  0.]
[ 0.00995404  0.00376499  0.60922247  0.0021757   0.00785332  0.36702955]
[ 0.  1.  0.  0.  0.  0.]
[ 0.04468786  0.00938644  0.17936471  0.00633945  0.21023133  0.54999024]
[ 1.  0.  0.  0.  0.  0.]
[ 0.07972825  0.54174727  0.01360316  0.025157    0.11142022  0.22834407]
[ 0.  0.  0.  1.  0.  0.]
[ 0.10296066  0.37947491  0.01843422  0.0191753   0.07939718  0.40055776]
[ 0.  0.  0.  0.  1.  0.]
[ 0.03145812  0.01722997  0.28434658  0.00732193  0.02753058  0.63211274]
[ 0.  0.  0.  0.  0.  1.]
[ 0.08322063  0.09985077  0.13303478  0.0286843   0.27018833  0.38502121]
[ 0.  0.  0.  0.  0.  1.]
[ 0.04278201  0.00260292  0.79100746  0.00724018  0.08766698  0.06870046]
[ 0.  0.  0.  1.  0.  0.]
[ 0.10448434  0.33449432  0.03035425  0.02299844  0.09985015  0.4078185 ]
[ 0.  0.  0.  1.  0.  0.]
[ 0.01014325  0.01757341  0.19557242  0.00318773  0.0048229   0.7687003 ]
[ 0.  0.  0.  0.  0.  1.]
[  4.51134145e-03   8.41808869e-05   9.88380790e-01   3.76642565e-04
   7.44020042e-04   5.90295484e-03]
[ 0.  0.  0.  0.  0.  1.]
[  1.54954947e-07   2.87690788e-10   9.99996662e-01   1.67991487e-09
   5.12683584e-09   3.27215253e-06]
[ 0.  0.  0.  0.  0.  1.]
[ 0.03743736  0.79224151  0.00110065  0.03316662  0.04540444  0.0906494 ]
[ 0.  0.  0.  1.  0.  0.]
[ 0.0225685   0.00321473  0.54577196  0.00435434  0.1643949   0.25969553]
[ 0.  1.  0.  0.  0.  0.]
[ 0.10731511  0.4541932   0.00979646  0.02888477  0.09522171  0.30458874]
[ 0.  0.  0.  0.  1.  0.]
check accuracy 0.2
[  7.08092470e-03   3.82207450e-04   8.87931824e-01   4.61874268e-04
   8.08183569e-03   9.60613936e-02]
[ 1.  0.  0.  0.  0.  0.]
[ 0.06374118  0.4962531   0.00462077  0.07607082  0.04500816  0.31430593]
[ 0.  0.  0.  1.  0.  0.]
[ 0.08853714  0.21015774  0.0847651   0.03766879  0.20467031  0.37420097]
[ 1.  0.  0.  0.  0.  0.]
[ 0.00991078  0.0080718   0.50014555  0.0026029   0.00448436  0.47478461]
[ 0.  0.  1.  0.  0.  0.]
[ 0.01146709  0.00344945  0.11993756  0.00105025  0.00887756  0.85521811]
[ 0.  1.  0.  0.  0.  0.]
[ 0.09112787  0.45964795  0.01217004  0.03578301  0.08560506  0.3156662 ]
[ 0.  0.  0.  1.  0.  0.]
[  2.64302385e-03   1.46697552e-04   8.37119579e-01   2.89203919e-04
   1.28030982e-02   1.46998495e-01]
[ 0.  0.  1.  0.  0.  0.]
[ 0.08098677  0.38562092  0.02137252  0.02624833  0.06382106  0.42195046]
[ 0.  0.  0.  0.  1.  0.]
[ 0.04981405  0.75534075  0.00180745  0.02602042  0.05723337  0.109784  ]
[ 0.  0.  0.  1.  0.  0.]
[  5.90700842e-03   8.10867758e-04   8.50245059e-01   1.16638746e-03
   3.70092206e-02   1.04861408e-01]
[ 0.  0.  1.  0.  0.  0.]
[  9.67334607e-04   9.66711086e-05   9.21677291e-01   1.02443497e-04
   1.20186491e-03   7.59544075e-02]
[ 0.  0.  1.  0.  0.  0.]
[ 0.0113542   0.00350746  0.19861941  0.01128925  0.66734385  0.10788577]
[ 0.  0.  0.  0.  0.  1.]
[ 0.07817098  0.05833851  0.07439395  0.00964744  0.13141824  0.64803088]
[ 0.  0.  0.  0.  1.  0.]
[  3.13154160e-04   1.36279277e-06   9.98013854e-01   4.69886663e-06
   3.14075805e-05   1.63554412e-03]
[ 0.  0.  0.  0.  0.  1.]
[ 0.05550826  0.00563733  0.53692532  0.00457899  0.10181453  0.2955355 ]
[ 1.  0.  0.  0.  0.  0.]
[  4.18070937e-03   3.22424719e-04   7.48054564e-01   3.72176827e-03
   2.07727849e-01   3.59926671e-02]
[ 1.  0.  0.  0.  0.  0.]
[ 0.10448434  0.33449432  0.03035425  0.02299844  0.09985015  0.4078185 ]
[ 0.  0.  0.  1.  0.  0.]
[ 0.08695009  0.05794387  0.78058237  0.05215554  0.00528944  0.01707868]
[ 0.  1.  0.  0.  0.  0.]
[ 0.10230213  0.43637085  0.0085335   0.0382216   0.06233911  0.35223278]
[ 0.  0.  0.  1.  0.  0.]
[ 0.08059426  0.29341367  0.02314416  0.01596425  0.04749248  0.53939116]
[ 0.  0.  0.  0.  1.  0.]
check accuracy 0.15
[ 0.08029179  0.04393483  0.08335301  0.00569104  0.13874348  0.64798588]
[ 0.  0.  1.  0.  0.  0.]
[ 0.10019624  0.32615033  0.02364656  0.0578179   0.07534797  0.41684106]
[ 0.  0.  0.  1.  0.  0.]
[ 0.07940529  0.286044    0.00941097  0.01532567  0.0482155   0.56159848]
[ 0.  0.  0.  0.  1.  0.]
[  2.44641178e-05   3.54083539e-07   9.98576403e-01   1.00370039e-06
   2.10495600e-05   1.37676229e-03]
[ 0.  0.  0.  0.  0.  1.]
[ 0.06200692  0.39801532  0.00418277  0.01636066  0.03112558  0.4883087 ]
[ 0.  0.  0.  1.  0.  0.]
[  3.27798239e-06   4.21599040e-08   9.99220252e-01   1.52640425e-07
   2.12577766e-06   7.74144428e-04]
[ 0.  0.  1.  0.  0.  0.]
[ 0.0147559   0.00495395  0.8262971   0.01069924  0.02736522  0.11592864]
[ 0.  0.  0.  1.  0.  0.]
[ 0.08593363  0.61152828  0.00537121  0.03896167  0.07528747  0.18291776]
[ 0.  0.  0.  0.  1.  0.]
[ 0.0925549   0.21794122  0.08254591  0.02080238  0.15566058  0.43049499]
[ 0.  0.  0.  0.  0.  1.]
[  5.33706190e-09   2.20239244e-11   9.99999166e-01   1.16776991e-10
   1.19187071e-09   8.54899952e-07]
[ 0.  0.  0.  0.  1.  0.]
[ 0.03304939  0.02699427  0.16026418  0.00712835  0.05392755  0.71863627]
[ 0.  1.  0.  0.  0.  0.]
[ 0.05176828  0.03222428  0.0889386   0.00975175  0.17648159  0.64083552]
[ 0.  0.  1.  0.  0.  0.]
[ 0.03809169  0.06003096  0.14257382  0.03274224  0.55849504  0.16806626]
[ 1.  0.  0.  0.  0.  0.]
[ 0.02422504  0.00168312  0.91039282  0.00184059  0.00504335  0.05681498]
[ 0.  0.  0.  0.  0.  1.]
[ 0.01988146  0.01454661  0.61053938  0.00461674  0.05646957  0.29394627]
[ 0.  0.  1.  0.  0.  0.]
[ 0.01039711  0.00242617  0.50807089  0.00255485  0.09467439  0.38187659]
[ 0.  1.  0.  0.  0.  0.]
[ 0.02268822  0.00103022  0.78323621  0.00410883  0.13539998  0.05353655]
[ 0.  0.  0.  0.  1.  0.]
[ 0.10270735  0.35063365  0.01752591  0.01648502  0.08322398  0.42942408]
[ 0.  0.  0.  0.  1.  0.]
[ 0.07840361  0.08288204  0.10268591  0.01057828  0.11905817  0.60639203]
[ 1.  0.  0.  0.  0.  0.]
[  2.18122406e-03   2.02108335e-04   9.40691948e-01   2.88279436e-04
   4.18862281e-03   5.24478704e-02]
[ 0.  0.  0.  0.  1.  0.]
check accuracy 0
[ 0.0706474   0.35727262  0.01698282  0.02418652  0.05098462  0.47992605]
[ 0.  0.  0.  1.  0.  0.]
[  3.81382331e-02   4.43926663e-04   9.32913840e-01   3.28153954e-03
   1.26452576e-02   1.25773102e-02]
[ 1.  0.  0.  0.  0.  0.]
[ 0.04097442  0.03011107  0.25344592  0.01466289  0.3139973   0.34680843]
[ 1.  0.  0.  0.  0.  0.]
[  4.50860616e-03   9.90981935e-04   8.71991396e-01   5.49881428e-04
   5.10796020e-03   1.16851218e-01]
[ 1.  0.  0.  0.  0.  0.]
[  5.20159956e-04   9.65526215e-06   9.97257650e-01   2.24250634e-05
   7.52583510e-05   2.11480353e-03]
[ 0.  1.  0.  0.  0.  0.]
[ 0.08547321  0.1197298   0.1302667   0.02369467  0.21002771  0.43080786]
[ 0.  0.  0.  0.  1.  0.]
[ 0.07042506  0.50930053  0.01237663  0.13595186  0.15312272  0.11882316]
[ 0.  0.  0.  1.  0.  0.]
[ 0.10318269  0.39066732  0.0068081   0.10399685  0.10467911  0.29066592]
[ 0.  0.  0.  1.  0.  0.]
[ 0.10209389  0.39648163  0.01902507  0.02071696  0.08776619  0.37391615]
[ 0.  0.  0.  0.  1.  0.]
[ 0.03720073  0.00166119  0.92328852  0.00243314  0.00870726  0.02670919]
[ 0.  1.  0.  0.  0.  0.]
[ 0.10416079  0.19790472  0.05374765  0.02209039  0.14766896  0.47442746]
[ 0.  0.  0.  0.  1.  0.]
[ 0.02365284  0.00926832  0.44716766  0.0095967   0.31584275  0.19447175]
[ 1.  0.  0.  0.  0.  0.]
[  2.22280633e-07   1.19317534e-09   9.99983191e-01   4.58197702e-09
   3.48836622e-08   1.65668516e-05]
[ 0.  1.  0.  0.  0.  0.]
[  6.10223785e-03   5.50789351e-04   8.69279146e-01   9.28846188e-04
   2.10940018e-02   1.02045007e-01]
[ 0.  1.  0.  0.  0.  0.]
[ 0.0864529   0.32000268  0.02895511  0.02490341  0.07866611  0.46101981]
[ 0.  0.  0.  0.  1.  0.]
[  1.38737131e-02   1.20368437e-03   9.46637154e-01   7.42601755e-04
   2.83364695e-03   3.47092412e-02]
[ 0.  1.  0.  0.  0.  0.]
[ 0.08561734  0.35526451  0.02273315  0.02087617  0.0790484   0.43646044]
[ 0.  0.  0.  1.  0.  0.]
[ 0.05052278  0.05018339  0.16882312  0.03598265  0.50995195  0.18453608]
[ 0.  0.  0.  0.  0.  1.]
[ 0.116482    0.01939295  0.5367136   0.01352249  0.08118428  0.23270468]
[ 0.  1.  0.  0.  0.  0.]
[ 0.23733316  0.0032331   0.28638667  0.0178978   0.38311866  0.07203059]
[ 0.  1.  0.  0.  0.  0.]
check accuracy 0.1
[  1.00231691e-10   1.35075287e-13   1.00000000e+00   8.09517058e-13
   2.06412470e-12   2.55854071e-09]
[ 1.  0.  0.  0.  0.  0.]
[ 0.0222059   0.00164517  0.75632381  0.00109654  0.00920829  0.20952037]
[ 0.  0.  0.  0.  0.  1.]
[ 0.08369488  0.49828535  0.00485197  0.01957694  0.0472651   0.34632567]
[ 0.  0.  0.  0.  1.  0.]
[ 0.05948788  0.32464218  0.02513213  0.04735122  0.08194666  0.46143988]
[ 0.  0.  0.  1.  0.  0.]
[ 0.0928748   0.26600266  0.03563299  0.01777092  0.09455631  0.4931623 ]
[ 0.  1.  0.  0.  0.  0.]
[ 0.07847683  0.14678203  0.08245403  0.01800275  0.17840838  0.49587592]
[ 0.  0.  0.  0.  0.  1.]
[ 0.09643862  0.36688352  0.01809033  0.02087998  0.08734395  0.41036358]
[ 0.  0.  0.  0.  1.  0.]
[ 0.11013044  0.28891444  0.02810082  0.01706767  0.10452139  0.45126522]
[ 0.  0.  0.  0.  1.  0.]
[ 0.08593363  0.61152828  0.00537121  0.03896167  0.07528747  0.18291776]
[ 0.  0.  0.  0.  1.  0.]
[ 0.10032233  0.25953615  0.05710225  0.02903198  0.21979739  0.33420995]
[ 0.  0.  0.  1.  0.  0.]
[ 0.15601818  0.39324453  0.01651463  0.08750379  0.09796071  0.24875815]
[ 0.  0.  0.  1.  0.  0.]
[  1.18226097e-04   1.01866635e-06   9.98046756e-01   1.87687965e-06
   1.16714018e-05   1.82040385e-03]
[ 1.  0.  0.  0.  0.  0.]
[ 0.03431634  0.56565887  0.00265945  0.07674482  0.08293333  0.2376872 ]
[ 0.  0.  0.  1.  0.  0.]
[ 0.02329173  0.00671342  0.1158879   0.019318    0.76704848  0.06774041]
[ 0.  1.  0.  0.  0.  0.]
[ 0.10053737  0.21413118  0.07600677  0.03863255  0.19691534  0.37377679]
[ 1.  0.  0.  0.  0.  0.]
[ 0.01344703  0.00162942  0.09244668  0.01544625  0.84917319  0.02785748]
[ 0.  1.  0.  0.  0.  0.]
[  7.33995065e-03   7.93519022e-04   9.05768454e-01   1.47427258e-03
   2.39782594e-02   6.06454425e-02]
[ 0.  1.  0.  0.  0.  0.]
[  4.87333309e-05   1.62917297e-06   9.95366693e-01   5.92104016e-06
   8.88491049e-05   4.48815525e-03]
[ 0.  0.  0.  1.  0.  0.]
[  1.10220935e-05   4.94185599e-07   9.99693513e-01   1.52708583e-06
   2.39245833e-06   2.90991593e-04]
[ 0.  0.  1.  0.  0.  0.]
[  1.88822916e-03   3.18209699e-04   9.30735230e-01   5.66276081e-04
   6.14395319e-03   6.03480153e-02]
[ 0.  0.  0.  0.  0.  1.]
check accuracy 0.05
[ 0.10288189  0.37578809  0.01775889  0.01905436  0.08170459  0.40281221]
[ 0.  0.  0.  0.  1.  0.]
[  5.14518586e-04   6.62715229e-06   9.98127878e-01   2.49712139e-05
   4.07465268e-05   1.28527195e-03]
[ 0.  1.  0.  0.  0.  0.]
[ 0.03652796  0.00778878  0.24624121  0.00996586  0.40502155  0.29445463]
[ 0.  0.  0.  1.  0.  0.]
[ 0.0916125   0.41956922  0.01030734  0.01715303  0.08406366  0.37729415]
[ 0.  0.  0.  0.  1.  0.]
[ 0.13281479  0.01380912  0.19940926  0.00775678  0.08081025  0.56539977]
[ 0.  0.  0.  0.  1.  0.]
[  1.13179485e-04   1.37330267e-06   9.99529839e-01   2.99784688e-06
   7.20303342e-06   3.45570734e-04]
[ 0.  1.  0.  0.  0.  0.]
[ 0.07407109  0.26303139  0.04814309  0.02902166  0.08897935  0.49675339]
[ 0.  0.  0.  1.  0.  0.]
[ 0.10036128  0.32652369  0.0364987   0.0227189   0.10960405  0.40429342]
[ 0.  0.  0.  1.  0.  0.]
[ 0.11724025  0.24073546  0.05094418  0.02189335  0.17693026  0.39225659]
[ 0.  0.  1.  0.  0.  0.]
[ 0.04908741  0.82664043  0.00091467  0.01804728  0.02608474  0.07922541]
[ 0.  0.  0.  1.  0.  0.]
[ 0.03949351  0.02276763  0.1501613   0.00683876  0.07572143  0.70501733]
[ 1.  0.  0.  0.  0.  0.]
[ 0.09066962  0.40763679  0.00919275  0.02211223  0.05972222  0.41066638]
[ 0.  0.  0.  0.  1.  0.]
[ 0.01394965  0.00559336  0.03907037  0.03555448  0.88277072  0.02306142]
[ 0.  0.  0.  1.  0.  0.]
[ 0.01172138  0.00429995  0.7961899   0.00518031  0.02362653  0.15898196]
[ 0.  0.  0.  1.  0.  0.]
[  1.48055346e-08   1.35947521e-11   9.99998331e-01   7.59392063e-11
   9.96161598e-10   1.72096441e-06]
[ 0.  0.  0.  0.  1.  0.]
[  1.07287068e-03   2.80463282e-05   9.89893258e-01   4.47127095e-05
   1.79028328e-04   8.78213253e-03]
[ 0.  0.  0.  0.  0.  1.]
[ 0.07470872  0.48797464  0.01436828  0.02615595  0.10337049  0.29342204]
[ 0.  0.  0.  0.  1.  0.]
[ 0.11647549  0.31528836  0.03835196  0.04032179  0.26682743  0.22273493]
[ 1.  0.  0.  0.  0.  0.]
[ 0.07808974  0.00333273  0.71245176  0.01219821  0.05459609  0.13933143]
[ 0.  0.  1.  0.  0.  0.]
[  2.53325677e-03   1.99341608e-04   9.31738138e-01   4.54846362e-04
   5.77982841e-03   5.92946000e-02]
[ 0.  0.  0.  0.  0.  1.]
check accuracy 0.1
[ 0.08607876  0.01551628  0.58482176  0.01739513  0.1819409   0.11424718]
[ 0.  1.  0.  0.  0.  0.]
[ 0.04235609  0.63608086  0.0054743   0.06020914  0.13428958  0.12159006]
[ 0.  0.  0.  0.  1.  0.]
[ 0.06867842  0.0915738   0.15971623  0.01833113  0.07770579  0.58399457]
[ 0.  1.  0.  0.  0.  0.]
[ 0.00866025  0.00403107  0.63488001  0.00660756  0.15254037  0.19328076]
[ 0.  1.  0.  0.  0.  0.]
[ 0.13627574  0.35423088  0.00671215  0.19996709  0.1167895   0.18602458]
[ 0.  0.  0.  1.  0.  0.]
[ 0.08639805  0.09154592  0.17459166  0.02141321  0.29591945  0.33013171]
[ 0.  0.  0.  0.  0.  1.]
[  2.20889365e-03   8.25967363e-05   9.95748460e-01   1.19633805e-04
   1.10238943e-04   1.73015078e-03]
[ 0.  0.  0.  0.  0.  1.]
[ 0.10835849  0.32497841  0.02143371  0.01973114  0.08468466  0.44081366]
[ 0.  0.  0.  1.  0.  0.]
[ 0.08632448  0.15710266  0.07727788  0.02238031  0.16760144  0.4893133 ]
[ 0.  0.  0.  0.  1.  0.]
[ 0.02486638  0.00358628  0.38120747  0.00428468  0.30463386  0.28142139]
[ 0.  1.  0.  0.  0.  0.]
[ 0.07900076  0.48315513  0.00520051  0.05660062  0.08494831  0.29109463]
[ 0.  0.  0.  1.  0.  0.]
[ 0.09426665  0.42199528  0.01239808  0.02052054  0.07461347  0.37620598]
[ 0.  0.  0.  0.  1.  0.]
[  5.31120226e-04   1.26127625e-05   9.89664972e-01   6.64006366e-05
   4.14789160e-04   9.31004435e-03]
[ 0.  0.  0.  1.  0.  0.]
[ 0.02168337  0.00276451  0.65977013  0.00264539  0.04501103  0.26812553]
[ 1.  0.  0.  0.  0.  0.]
[  3.48237190e-05   2.41966092e-07   9.93527710e-01   7.81497135e-07
   1.54996160e-05   6.42085355e-03]
[ 0.  0.  0.  1.  0.  0.]
[  3.59102152e-03   3.00788815e-05   9.91108298e-01   1.44537466e-04
   2.33100771e-04   4.89286846e-03]
[ 0.  0.  0.  0.  0.  1.]
[ 0.02204018  0.00922616  0.07701947  0.00235575  0.02413426  0.86522418]
[ 1.  0.  0.  0.  0.  0.]
[ 0.08820859  0.01521551  0.2407703   0.0073373   0.20732072  0.44114763]
[ 0.  0.  1.  0.  0.  0.]
[ 0.06699437  0.08246546  0.14105923  0.0159754   0.20935583  0.48414969]
[ 0.  0.  0.  0.  0.  1.]
[ 0.01576802  0.00632868  0.36226636  0.00575463  0.17295399  0.43692833]
[ 1.  0.  0.  0.  0.  0.]
check accuracy 0.05
[ 0.05554318  0.56407869  0.00832206  0.03354881  0.04111219  0.29739505]
[ 0.  0.  0.  0.  1.  0.]
[ 0.06318149  0.29539368  0.01588368  0.01745756  0.05232842  0.55575514]
[ 0.  0.  0.  1.  0.  0.]
[ 0.07262806  0.10312009  0.11306197  0.0250293   0.27258387  0.41357681]
[ 0.  1.  0.  0.  0.  0.]
[  1.68223356e-04   1.49781840e-06   9.98104930e-01   3.82485314e-06
   2.03341588e-05   1.70124369e-03]
[ 0.  1.  0.  0.  0.  0.]
[  8.50057113e-04   3.56687124e-05   9.74950433e-01   7.92018473e-05
   1.16958725e-03   2.29150895e-02]
[ 1.  0.  0.  0.  0.  0.]
[ 0.0594149   0.08097608  0.17261422  0.03115118  0.43021703  0.2256266 ]
[ 0.  1.  0.  0.  0.  0.]
[ 0.0504028   0.05447665  0.11112986  0.00915001  0.0808911   0.69394964]
[ 0.  0.  1.  0.  0.  0.]
[  1.09897147e-09   4.10096924e-13   9.99999881e-01   3.17222030e-12
   4.40065033e-11   9.69026317e-08]
[ 0.  0.  0.  0.  0.  1.]
[ 0.11666221  0.43117908  0.02123586  0.03609147  0.1804515   0.21437983]
[ 1.  0.  0.  0.  0.  0.]
[ 0.04343065  0.04945058  0.14567974  0.02304181  0.30417719  0.43422002]
[ 0.  1.  0.  0.  0.  0.]
[ 0.03486754  0.02030003  0.44423148  0.0094558   0.03175135  0.45939374]
[ 1.  0.  0.  0.  0.  0.]
[  1.56226728e-04   1.56076476e-06   9.97071743e-01   3.77163178e-06
   8.16755492e-05   2.68490007e-03]
[ 0.  0.  0.  0.  0.  1.]
[ 0.03106391  0.01888981  0.04491168  0.00200526  0.02421692  0.87891239]
[ 0.  0.  1.  0.  0.  0.]
[ 0.08228514  0.0654997   0.10852888  0.01102533  0.18575546  0.54690558]
[ 0.  1.  0.  0.  0.  0.]
[ 0.02428357  0.00369644  0.64968807  0.0024926   0.01306047  0.30677885]
[ 0.  1.  0.  0.  0.  0.]
[ 0.07756593  0.48630565  0.01175691  0.0246918   0.08688805  0.31279173]
[ 0.  0.  0.  0.  1.  0.]
[ 0.10031144  0.3929829   0.02179165  0.0218723   0.09509631  0.36794537]
[ 0.  0.  0.  0.  1.  0.]
[ 0.12436981  0.4368324   0.01181197  0.02816     0.08674361  0.3120822 ]
[ 1.  0.  0.  0.  0.  0.]
[ 0.02446769  0.01756379  0.03329991  0.0022912   0.02075986  0.90161753]
[ 0.  0.  0.  0.  0.  1.]
[ 0.09467469  0.31966093  0.01831805  0.01555132  0.06443432  0.48736081]
[ 0.  0.  0.  0.  1.  0.]
check accuracy 0.15
[ 0.12993272  0.34348869  0.01307311  0.0173217   0.09912123  0.39706257]
[ 0.  0.  0.  0.  1.  0.]
[  1.30728188e-06   2.81456458e-09   9.99989748e-01   1.19675310e-08
   5.10879374e-08   8.96128859e-06]
[ 0.  1.  0.  0.  0.  0.]
[ 0.09717862  0.2563405   0.05530223  0.02242097  0.14517295  0.4235847 ]
[ 0.  0.  0.  1.  0.  0.]
[  7.43274984e-04   4.15600625e-05   9.62230384e-01   4.42324381e-05
   3.34158249e-04   3.66064049e-02]
[ 0.  0.  0.  0.  0.  1.]
[ 0.07143074  0.11486688  0.12111042  0.01736517  0.20127037  0.47395644]
[ 0.  0.  0.  0.  0.  1.]
[ 0.00489937  0.00084484  0.81606907  0.00208529  0.06191363  0.1141879 ]
[ 0.  1.  0.  0.  0.  0.]
[ 0.10777379  0.33604565  0.02862718  0.02027091  0.11106542  0.39621708]
[ 0.  0.  0.  0.  1.  0.]
[  1.40149593e-02   8.03116884e-04   2.88920850e-01   6.16115925e-04
   2.85555562e-03   6.92789495e-01]
[ 0.  1.  0.  0.  0.  0.]
[ 0.05275647  0.05219698  0.14532889  0.01375783  0.17799796  0.55796188]
[ 0.  1.  0.  0.  0.  0.]
[ 0.00862284  0.00469554  0.79560202  0.00373472  0.07065512  0.11668975]
[ 0.  1.  0.  0.  0.  0.]
[ 0.0495686   0.04692061  0.21583992  0.01071832  0.14890495  0.52804756]
[ 0.  0.  1.  0.  0.  0.]
[ 0.11314759  0.31561184  0.03845727  0.02385811  0.12843548  0.38048965]
[ 1.  0.  0.  0.  0.  0.]
[  2.43218977e-07   8.65167771e-10   9.99997735e-01   4.39448922e-09
   8.10085243e-09   2.05162496e-06]
[ 0.  0.  1.  0.  0.  0.]
[ 0.04936598  0.11211259  0.1045425   0.01848876  0.05230412  0.66318607]
[ 1.  0.  0.  0.  0.  0.]
[  2.76864134e-03   1.72969128e-04   8.73007715e-01   1.43651574e-04
   1.16433552e-03   1.22742698e-01]
[ 0.  0.  0.  1.  0.  0.]
[ 0.04565898  0.01011304  0.36898196  0.00365731  0.18404922  0.38753954]
[ 0.  0.  0.  0.  0.  1.]
[  4.28232783e-03   6.81177306e-04   9.16255951e-01   9.65774525e-04
   2.07636300e-02   5.70512414e-02]
[ 0.  0.  0.  0.  0.  1.]
[  7.63581041e-03   3.45115899e-04   9.49704945e-01   5.62849455e-04
   5.76506555e-03   3.59862186e-02]
[ 1.  0.  0.  0.  0.  0.]
[ 0.06619484  0.07893844  0.03818376  0.01482898  0.13222177  0.6696322 ]
[ 1.  0.  0.  0.  0.  0.]
[ 0.0250985   0.00760893  0.24739407  0.00467517  0.1925965   0.52262682]
[ 1.  0.  0.  0.  0.  0.]
check accuracy 0.1
[ 0.08896571  0.28489286  0.06126139  0.02459474  0.19429781  0.34598753]
[ 1.  0.  0.  0.  0.  0.]
[ 0.09334195  0.5906378   0.00504455  0.02143607  0.07101479  0.2185248 ]
[ 0.  0.  0.  0.  1.  0.]
[ 0.11622284  0.18120766  0.04920705  0.02455903  0.27296144  0.35584199]
[ 0.  0.  1.  0.  0.  0.]
[ 0.04696433  0.24922585  0.01602063  0.02440442  0.03431082  0.62907398]
[ 0.  0.  0.  1.  0.  0.]
[ 0.10116231  0.24959324  0.06006486  0.03641606  0.2740314   0.27873218]
[ 0.  0.  0.  1.  0.  0.]
[ 0.09387318  0.22960506  0.01199037  0.41741037  0.07135189  0.17576906]
[ 0.  0.  0.  1.  0.  0.]
[  1.86477753e-03   1.88646474e-04   9.40944612e-01   3.88082437e-04
   1.24566415e-02   4.41572517e-02]
[ 0.  0.  1.  0.  0.  0.]
[ 0.1015896   0.38609752  0.03175258  0.02841462  0.14357632  0.30856934]
[ 0.  0.  0.  0.  1.  0.]
[ 0.07707909  0.11064766  0.11095551  0.01633582  0.17778336  0.50719851]
[ 1.  0.  0.  0.  0.  0.]
[  1.71775743e-02   2.15130334e-04   8.91086578e-01   1.13254855e-03
   3.92411202e-02   5.11470474e-02]
[ 0.  1.  0.  0.  0.  0.]
[ 0.02456831  0.11108521  0.1365827   0.02722824  0.00972311  0.69081241]
[ 0.  0.  1.  0.  0.  0.]
[ 0.11622284  0.18120766  0.04920705  0.02455903  0.27296144  0.35584199]
[ 0.  0.  1.  0.  0.  0.]
[ 0.09219954  0.24462326  0.0250725   0.01306087  0.07979664  0.5452472 ]
[ 1.  0.  0.  0.  0.  0.]
[  4.10646592e-08   4.56157584e-10   9.99999762e-01   1.83576787e-09
   4.40023484e-09   2.59158725e-07]
[ 0.  1.  0.  0.  0.  0.]
[ 0.05557817  0.00900396  0.35259143  0.00657389  0.07259211  0.50366038]
[ 0.  1.  0.  0.  0.  0.]
[  7.01392264e-06   1.45704391e-08   9.99830604e-01   5.20832906e-08
   4.19404984e-07   1.61885357e-04]
[ 0.  0.  0.  0.  0.  1.]
[ 0.05959525  0.08248516  0.1302339   0.01848591  0.30634761  0.40285215]
[ 1.  0.  0.  0.  0.  0.]
[ 0.15639989  0.31782749  0.0065632   0.08050598  0.09162146  0.34708193]
[ 0.  0.  0.  1.  0.  0.]
[  1.56542659e-03   2.23937706e-04   9.18481350e-01   1.86135570e-04
   2.07041879e-03   7.74728432e-02]
[ 0.  0.  0.  0.  0.  1.]
[ 0.09537963  0.71904796  0.00308731  0.04819177  0.03904807  0.09524534]
[ 0.  0.  0.  1.  0.  0.]
check accuracy 0.05
[ 0.05000969  0.04865206  0.2237775   0.02046618  0.31544575  0.34164873]
[ 1.  0.  0.  0.  0.  0.]
[ 0.07205189  0.06635432  0.16625601  0.01764019  0.25464755  0.42305002]
[ 0.  0.  0.  0.  0.  1.]
[ 0.04432562  0.03115173  0.18777105  0.01025545  0.11057359  0.61592251]
[ 1.  0.  0.  0.  0.  0.]
[ 0.05566683  0.01197838  0.47131661  0.00882095  0.05626179  0.39595547]
[ 0.  1.  0.  0.  0.  0.]
[ 0.00529103  0.00085152  0.25141466  0.00077631  0.01118857  0.73047799]
[ 0.  1.  0.  0.  0.  0.]
[ 0.03946104  0.0034804   0.50466365  0.00330925  0.09585794  0.35322773]
[ 0.  1.  0.  0.  0.  0.]
[ 0.098757    0.3324053   0.01853843  0.01576756  0.06278286  0.47174886]
[ 0.  0.  0.  0.  1.  0.]
[ 0.09952155  0.28022423  0.0490246   0.02675076  0.18246098  0.36201787]
[ 0.  0.  0.  1.  0.  0.]
[  4.75059234e-04   1.46059665e-05   9.89094079e-01   2.93164903e-05
   2.11557184e-04   1.01753445e-02]
[ 0.  0.  0.  0.  0.  1.]
[ 0.063471    0.80423319  0.00116304  0.01794572  0.03374361  0.07944354]
[ 1.  0.  0.  0.  0.  0.]
[ 0.0202658   0.00942369  0.20111525  0.00492241  0.08427563  0.67999727]
[ 0.  0.  1.  0.  0.  0.]
[ 0.09541215  0.45859712  0.02204649  0.03447523  0.12025328  0.26921579]
[ 0.  0.  0.  1.  0.  0.]
[  6.66495253e-05   6.51258972e-07   9.99463737e-01   3.78435584e-06
   1.41497994e-05   4.50924010e-04]
[ 0.  1.  0.  0.  0.  0.]
[ 0.03466329  0.0180701   0.28293055  0.01447644  0.37907973  0.27077997]
[ 1.  0.  0.  0.  0.  0.]
[ 0.09949846  0.45242187  0.0113518   0.01980551  0.07277631  0.3441461 ]
[ 0.  0.  0.  0.  1.  0.]
[ 0.03841105  0.00841943  0.44991416  0.01301451  0.06000479  0.43023604]
[ 0.  1.  0.  0.  0.  0.]
[  2.52879015e-03   4.41303186e-04   8.32279861e-01   4.42343269e-04
   8.00455175e-03   1.56303197e-01]
[ 0.  0.  0.  0.  0.  1.]
[ 0.10949087  0.20118731  0.07901528  0.02641327  0.18520024  0.39869303]
[ 1.  0.  0.  0.  0.  0.]
[ 0.06803387  0.30335781  0.00868674  0.01426135  0.03177163  0.57388854]
[ 0.  0.  0.  1.  0.  0.]
[ 0.08867949  0.42896324  0.00965779  0.0170516   0.05541413  0.40023378]
[ 0.  0.  0.  0.  1.  0.]
check accuracy 0.05
[ 0.10126671  0.40857995  0.03566021  0.03156756  0.11711098  0.30581459]
[ 1.  0.  0.  0.  0.  0.]
[ 0.0212836   0.00765669  0.69896573  0.00818886  0.13412905  0.12977609]
[ 1.  0.  0.  0.  0.  0.]
[ 0.00813757  0.01569859  0.00268673  0.00188417  0.00151863  0.9700743 ]
[ 0.  0.  0.  1.  0.  0.]
[ 0.02737643  0.03698807  0.22085889  0.00974473  0.01875833  0.68627363]
[ 0.  0.  1.  0.  0.  0.]
[ 0.06673619  0.06167616  0.2516329   0.03260282  0.26725775  0.32009417]
[ 1.  0.  0.  0.  0.  0.]
[ 0.02648982  0.00672064  0.77820516  0.00513324  0.0614589   0.12199227]
[ 1.  0.  0.  0.  0.  0.]
[  4.46436736e-08   3.96086636e-11   9.99986410e-01   2.62005750e-10
   7.47556417e-09   1.36033350e-05]
[ 0.  0.  1.  0.  0.  0.]
[  2.59922515e-03   1.29155489e-03   8.15569699e-01   4.11103858e-04
   3.04949307e-03   1.77078933e-01]
[ 0.  0.  0.  0.  0.  1.]
[ 0.10547759  0.26461494  0.06222862  0.0284994   0.19710007  0.34207931]
[ 0.  0.  0.  1.  0.  0.]
[ 0.09709745  0.36551917  0.01137029  0.0156438   0.06042003  0.44994929]
[ 0.  0.  0.  0.  1.  0.]
[  1.97421355e-06   1.40877843e-08   9.99902129e-01   4.22375415e-08
   5.69439010e-07   9.52021728e-05]
[ 0.  1.  0.  0.  0.  0.]
[ 0.20582153  0.05863243  0.60750091  0.03603493  0.02062024  0.07138999]
[ 0.  0.  0.  0.  0.  1.]
[ 0.08246202  0.08262792  0.11489461  0.02153176  0.26471803  0.43376565]
[ 0.  0.  0.  0.  1.  0.]
[ 0.04926181  0.040028    0.1985901   0.01349122  0.31072065  0.38790825]
[ 1.  0.  0.  0.  0.  0.]
[ 0.328361    0.17938434  0.20240869  0.07657691  0.03688863  0.17638034]
[ 0.  0.  0.  1.  0.  0.]
[ 0.01957563  0.01071315  0.06674504  0.00170744  0.01535568  0.88590306]
[ 0.  0.  1.  0.  0.  0.]
[ 0.07432704  0.18796708  0.08651362  0.03197524  0.12073697  0.49848008]
[ 0.  0.  0.  0.  1.  0.]
[ 0.1476943   0.02064041  0.45905814  0.01636638  0.17369607  0.18254472]
[ 0.  0.  0.  0.  0.  1.]
[ 0.09596835  0.33930549  0.02198951  0.02360169  0.12015591  0.39897907]
[ 0.  0.  1.  0.  0.  0.]
[ 0.02494792  0.01718687  0.2951932   0.01252293  0.38845465  0.2616944 ]
[ 1.  0.  0.  0.  0.  0.]
check accuracy 0.05
[ 0.1035172   0.17317721  0.08099342  0.02284001  0.17691658  0.44255552]
[ 1.  0.  0.  0.  0.  0.]
[ 0.10378805  0.26702943  0.05346732  0.02642416  0.16036181  0.38892925]
[ 0.  0.  1.  0.  0.  0.]
[  5.01396647e-03   4.49777028e-04   9.44573581e-01   8.82591412e-04
   7.60314474e-03   4.14769575e-02]
[ 0.  0.  0.  0.  0.  1.]
[ 0.00735828  0.00425531  0.7070033   0.00161084  0.01177623  0.26799598]
[ 1.  0.  0.  0.  0.  0.]
[  1.09163731e-04   7.91516186e-07   9.99752939e-01   2.26516704e-06
   5.33348657e-06   1.29391337e-04]
[ 0.  0.  0.  0.  0.  1.]
[ 0.01447359  0.00752195  0.18304065  0.00321484  0.04724884  0.74450016]
[ 0.  1.  0.  0.  0.  0.]
[  8.80338345e-03   6.45153690e-04   8.22194934e-01   6.71613205e-04
   8.66845436e-03   1.59016460e-01]
[ 0.  0.  1.  0.  0.  0.]
[ 0.12575915  0.39735901  0.01936087  0.03461079  0.15612125  0.2667889 ]
[ 0.  0.  0.  0.  1.  0.]
[ 0.04453433  0.0444001   0.19005285  0.01610477  0.26532507  0.43958291]
[ 0.  0.  0.  1.  0.  0.]
[ 0.02243359  0.02274127  0.44139519  0.01086138  0.25938061  0.24318799]
[ 1.  0.  0.  0.  0.  0.]
[ 0.12057847  0.2596519   0.04082831  0.01857791  0.16019401  0.40016937]
[ 0.  0.  1.  0.  0.  0.]
[ 0.10611078  0.01233557  0.55965346  0.01842967  0.16920193  0.13426863]
[ 0.  0.  0.  0.  1.  0.]
[ 0.10762625  0.23979169  0.05646035  0.03255793  0.23249216  0.33107159]
[ 0.  0.  0.  1.  0.  0.]
[ 0.05920731  0.07653584  0.06960318  0.01026773  0.07117392  0.71321201]
[ 0.  0.  1.  0.  0.  0.]
[  5.55590494e-03   6.08898044e-05   8.79297853e-01   1.58172348e-04
   1.27164461e-03   1.13655433e-01]
[ 0.  0.  0.  0.  0.  1.]
[ 0.0817651   0.45179266  0.01745886  0.02686514  0.09390884  0.3282094 ]
[ 0.  0.  0.  0.  1.  0.]
[  5.81834492e-08   9.26232771e-11   9.99997377e-01   6.09569450e-10
   1.98390815e-09   2.58209411e-06]
[ 0.  0.  0.  0.  0.  1.]
[ 0.05046562  0.0380002   0.14253876  0.02680448  0.52721405  0.21497691]
[ 0.  0.  0.  1.  0.  0.]
[  1.29578609e-07   4.18108381e-10   9.99999285e-01   1.95792071e-09
   2.69225664e-09   6.41199847e-07]
[ 0.  0.  0.  0.  0.  1.]
[ 0.45633644  0.07000501  0.04713044  0.02679796  0.07427946  0.32545063]
[ 0.  0.  0.  1.  0.  0.]
check accuracy 0.15
[ 0.11435083  0.3103261   0.02689891  0.02071398  0.1151334   0.41257671]
[ 0.  0.  0.  1.  0.  0.]
[ 0.05335122  0.12281919  0.19355939  0.03725002  0.31891367  0.27410662]
[ 1.  0.  0.  0.  0.  0.]
[ 0.28757662  0.1436722   0.26671445  0.04019747  0.06818132  0.19365788]
[ 1.  0.  0.  0.  0.  0.]
[ 0.08904195  0.36068764  0.01398358  0.01806616  0.07594229  0.44227836]
[ 0.  0.  0.  0.  1.  0.]
[  1.20725920e-02   7.35611946e-04   9.40550804e-01   1.42345903e-03
   6.52728695e-03   3.86901349e-02]
[ 1.  0.  0.  0.  0.  0.]
[  1.49125521e-11   1.17330978e-14   1.00000000e+00   8.86242441e-14
   3.09914258e-13   1.47544976e-09]
[ 0.  0.  1.  0.  0.  0.]
[ 0.11649959  0.24002382  0.05035193  0.02129909  0.17022736  0.40159824]
[ 0.  0.  1.  0.  0.  0.]
[ 0.02219432  0.03216489  0.28359613  0.00630238  0.0402102   0.6155321 ]
[ 1.  0.  0.  0.  0.  0.]
[ 0.09533733  0.41003221  0.00535026  0.02367881  0.04976302  0.41583848]
[ 0.  0.  0.  0.  1.  0.]
[ 0.05398285  0.64929533  0.00523895  0.03651683  0.04546613  0.20949998]
[ 0.  0.  0.  0.  1.  0.]
[ 0.08107489  0.54365051  0.01075506  0.02560878  0.06487276  0.27403805]
[ 0.  0.  0.  0.  1.  0.]
[ 0.18085952  0.20408738  0.01739479  0.01428036  0.12595694  0.457421  ]
[ 0.  0.  0.  0.  0.  1.]
[ 0.04160205  0.78035009  0.00245677  0.03201587  0.05440753  0.08916768]
[ 0.  0.  0.  1.  0.  0.]
[ 0.04348677  0.04057863  0.17258303  0.03938556  0.46765113  0.23631489]
[ 1.  0.  0.  0.  0.  0.]
[ 0.02602461  0.00973764  0.46485418  0.01030371  0.26461646  0.22446345]
[ 1.  0.  0.  0.  0.  0.]
[ 0.09717068  0.41506836  0.00865056  0.02378722  0.06731635  0.38800687]
[ 0.  0.  0.  1.  0.  0.]
[ 0.03139754  0.00302231  0.64999771  0.00237538  0.0325427   0.28066427]
[ 0.  0.  0.  1.  0.  0.]
[  7.64687546e-03   1.34484994e-03   2.62218446e-01   7.06266612e-04
   4.58436832e-03   7.23499179e-01]
[ 0.  0.  1.  0.  0.  0.]
[ 0.0864529   0.32000268  0.02895511  0.02490341  0.07866611  0.46101981]
[ 0.  0.  0.  0.  1.  0.]
[ 0.10637467  0.0460026   0.1611248   0.01892777  0.27013996  0.39743018]
[ 0.  1.  0.  0.  0.  0.]
check accuracy 0.3
[  5.35468163e-04   5.86045608e-05   9.56141055e-01   7.02301040e-05
   5.41412854e-04   4.26532999e-02]
[ 0.  0.  1.  0.  0.  0.]
[ 0.06750629  0.0962044   0.16091645  0.01580035  0.15692078  0.50265169]
[ 0.  1.  0.  0.  0.  0.]
[  5.06632088e-04   6.43352832e-05   9.51507032e-01   3.70498601e-05
   3.56096658e-04   4.75288443e-02]
[ 0.  0.  1.  0.  0.  0.]
[ 0.01814576  0.00374304  0.57078147  0.00220839  0.04837873  0.35674265]
[ 1.  0.  0.  0.  0.  0.]
[ 0.07923547  0.38565359  0.01045047  0.01463374  0.03717914  0.47284761]
[ 0.  0.  0.  0.  1.  0.]
[ 0.14584918  0.15773451  0.05581838  0.0081641   0.18194816  0.45048562]
[ 0.  0.  0.  0.  1.  0.]
[ 0.0261248   0.01197525  0.32954702  0.00440757  0.10022194  0.52772343]
[ 0.  0.  1.  0.  0.  0.]
[ 0.09343098  0.44829011  0.01291352  0.0246527   0.07139103  0.34932172]
[ 0.  0.  0.  0.  1.  0.]
[ 0.01060483  0.00088056  0.73489815  0.00252041  0.11382402  0.13727196]
[ 0.  0.  1.  0.  0.  0.]
[ 0.29163012  0.0050099   0.41551569  0.01130167  0.12800105  0.14854153]
[ 0.  0.  1.  0.  0.  0.]
[ 0.09737262  0.45792294  0.00628     0.07119819  0.06365239  0.30357379]
[ 0.  0.  0.  1.  0.  0.]
[ 0.02527636  0.01110069  0.28021356  0.01142136  0.29896498  0.37302306]
[ 0.  0.  0.  0.  0.  1.]
[ 0.07394607  0.47310406  0.00493861  0.02179097  0.06887621  0.35734403]
[ 0.  0.  0.  0.  1.  0.]
[ 0.09047392  0.6207068   0.00533221  0.04585349  0.06391586  0.17371766]
[ 0.  0.  0.  1.  0.  0.]
[ 0.09384162  0.3039194   0.02149316  0.01697173  0.06632827  0.49744582]
[ 0.  0.  0.  0.  1.  0.]
[  2.35057541e-05   1.44613949e-07   9.99857783e-01   4.46889857e-07
   1.10489066e-06   1.17048257e-04]
[ 0.  0.  0.  0.  0.  1.]
[ 0.09480097  0.01802791  0.37164551  0.00830448  0.15997826  0.34724286]
[ 0.  0.  0.  0.  1.  0.]
[  1.74304728e-06   6.40747055e-09   9.99896646e-01   2.67405529e-08
   3.38750169e-07   1.01139449e-04]
[ 0.  0.  1.  0.  0.  0.]
[ 0.09701275  0.44222432  0.01217087  0.01715604  0.06374521  0.3676908 ]
[ 1.  0.  0.  0.  0.  0.]
[ 0.08614661  0.21314399  0.08376519  0.02270954  0.13891742  0.45531729]
[ 0.  0.  0.  0.  1.  0.]
check accuracy 0.05
[  5.55305276e-04   1.79409253e-05   9.79524076e-01   2.00475570e-05
   3.81300808e-04   1.95013229e-02]
[ 0.  1.  0.  0.  0.  0.]
[ 0.04707078  0.70389533  0.00558688  0.03649607  0.01109136  0.19585955]
[ 0.  0.  1.  0.  0.  0.]
[ 0.01618493  0.00127503  0.82894981  0.00363221  0.09609485  0.05386317]
[ 1.  0.  0.  0.  0.  0.]
[ 0.02637686  0.0021821   0.91717368  0.00544026  0.00166783  0.04715935]
[ 0.  0.  0.  1.  0.  0.]
[ 0.02233074  0.00636213  0.25446275  0.01499889  0.50708884  0.19475669]
[ 0.  0.  0.  0.  0.  1.]
[ 0.0147559   0.00495395  0.8262971   0.01069924  0.02736522  0.11592864]
[ 0.  0.  0.  1.  0.  0.]
[ 0.05033834  0.59947699  0.00344555  0.10356233  0.1776436   0.06553326]
[ 0.  0.  0.  1.  0.  0.]
[ 0.07119975  0.09333566  0.13329992  0.02391034  0.26265055  0.41560382]
[ 1.  0.  0.  0.  0.  0.]
[ 0.04774633  0.00440521  0.33265233  0.02325753  0.49338189  0.09855682]
[ 0.  1.  0.  0.  0.  0.]
[ 0.22438374  0.0381796   0.09440535  0.00718416  0.2285818   0.40726539]
[ 1.  0.  0.  0.  0.  0.]
[ 0.09587417  0.14608234  0.08928304  0.01925307  0.19932093  0.45018652]
[ 0.  0.  0.  0.  0.  1.]
[ 0.11736991  0.25172967  0.04557488  0.02058971  0.16234203  0.40239376]
[ 0.  0.  1.  0.  0.  0.]
[  3.51481809e-04   7.10326594e-06   9.99053299e-01   1.54495374e-05
   2.17312281e-05   5.50974510e-04]
[ 0.  0.  0.  0.  0.  1.]
[  4.61855857e-03   6.87245047e-04   8.07274044e-01   4.45108919e-04
   1.71156239e-03   1.85263529e-01]
[ 0.  0.  0.  0.  0.  1.]
[ 0.07835271  0.09054702  0.12407138  0.02508968  0.28489429  0.39704502]
[ 0.  0.  1.  0.  0.  0.]
[ 0.01739822  0.00683965  0.59822291  0.01255342  0.28358307  0.08140279]
[ 0.  0.  0.  1.  0.  0.]
[ 0.05899445  0.65608454  0.00280155  0.03781413  0.1504052   0.09390006]
[ 0.  0.  0.  1.  0.  0.]
[  2.37757550e-03   1.98752867e-04   9.95653749e-01   3.99028999e-04
   1.83022916e-04   1.18782674e-03]
[ 0.  1.  0.  0.  0.  0.]
[ 0.08779187  0.28599975  0.01485534  0.01531364  0.05724965  0.53878975]
[ 0.  0.  0.  0.  1.  0.]
[  2.84320721e-03   8.50705765e-05   9.73851979e-01   2.87622388e-04
   5.82725974e-03   1.71047505e-02]
[ 0.  1.  0.  0.  0.  0.]
check accuracy 0.2
[ 0.09009355  0.43385562  0.00440086  0.15598004  0.19150022  0.12416959]
[ 0.  0.  0.  1.  0.  0.]
[ 0.04919928  0.60618412  0.00123173  0.03237649  0.04624619  0.26476228]
[ 0.  0.  0.  1.  0.  0.]
[ 0.05157151  0.05916785  0.12721968  0.03169252  0.55337232  0.1769761 ]
[ 0.  0.  0.  0.  1.  0.]
[  4.33167517e-02   7.88500369e-01   5.07453748e-04   3.03061437e-02
   1.94354169e-02   1.17933854e-01]
[ 0.  0.  0.  1.  0.  0.]
[ 0.08894857  0.29696721  0.03524057  0.01874946  0.09772874  0.46236548]
[ 0.  0.  0.  0.  1.  0.]
[ 0.03324734  0.00653008  0.51695096  0.00324635  0.05563324  0.38439199]
[ 0.  1.  0.  0.  0.  0.]
[ 0.05536188  0.05828255  0.14644407  0.02269027  0.35071504  0.3665061 ]
[ 0.  0.  0.  1.  0.  0.]
[ 0.08538912  0.42941982  0.01305006  0.01981312  0.05069406  0.4016338 ]
[ 0.  0.  0.  0.  1.  0.]
[  3.78587683e-05   1.73943340e-06   9.96669948e-01   5.87400973e-06
   1.60272859e-04   3.12438537e-03]
[ 1.  0.  0.  0.  0.  0.]
[  4.89917165e-03   6.28931390e-04   7.04779387e-01   7.68359401e-04
   2.51436699e-02   2.63780534e-01]
[ 0.  0.  1.  0.  0.  0.]
[ 0.06743954  0.66837335  0.00358663  0.04548034  0.05384868  0.16127148]
[ 0.  0.  0.  1.  0.  0.]
[  2.67856685e-03   3.25258123e-04   8.86016011e-01   1.98633381e-04
   1.33274589e-03   1.09448761e-01]
[ 0.  0.  1.  0.  0.  0.]
[ 0.01428148  0.00890327  0.46772668  0.00305481  0.02278472  0.48324892]
[ 0.  0.  1.  0.  0.  0.]
[  1.47902011e-03   3.80235957e-04   8.42578948e-01   2.44150782e-04
   9.11587733e-04   1.54405937e-01]
[ 0.  0.  1.  0.  0.  0.]
[  8.47669551e-04   5.80174856e-05   9.72960234e-01   3.30439216e-04
   9.74529516e-03   1.60583463e-02]
[ 0.  0.  0.  0.  1.  0.]
[ 0.0695497   0.07640882  0.16256002  0.02443466  0.1438127   0.52323407]
[ 0.  1.  0.  0.  0.  0.]
[  9.43635125e-03   6.08802657e-04   8.29647720e-01   7.86612683e-04
   1.13005396e-02   1.48220092e-01]
[ 0.  0.  0.  0.  0.  1.]
[ 0.09316013  0.50648797  0.01015992  0.02832582  0.07966404  0.28220215]
[ 0.  0.  0.  1.  0.  0.]
[ 0.08604928  0.1956917   0.09431876  0.04778354  0.26133052  0.31482622]
[ 1.  0.  0.  0.  0.  0.]
[ 0.1026336   0.36394486  0.02116274  0.02035611  0.10155208  0.39035061]
[ 0.  0.  0.  0.  1.  0.]
