check accuracy 0.9
[ 0.11417194  0.00334814  0.00258634  0.00127796  0.00697642  0.87163925]
[ 1.  0.  0.  0.  0.  0.]
[ 0.03238766  0.00384587  0.00257023  0.00769826  0.03301526  0.92048275]
[ 0.  0.  0.  0.  0.  1.]
[  1.37262527e-18   1.00000000e+00   2.38118539e-32   4.44681764e-20
   3.51139707e-26   2.30342610e-20]
[ 0.  1.  0.  0.  0.  0.]
[  9.99492049e-01   2.16826065e-05   7.42413988e-08   3.18110164e-04
   5.91611160e-06   1.62001787e-04]
[ 1.  0.  0.  0.  0.  0.]
[  2.74696806e-03   1.44177198e-03   3.66530003e-04   1.26234647e-02
   9.78325963e-01   4.49530780e-03]
[ 0.  0.  0.  0.  1.  0.]
[ 0.85928315  0.00188802  0.01660945  0.03250647  0.08604064  0.00367241]
[ 1.  0.  0.  0.  0.  0.]
[  3.37715937e-06   9.99995112e-01   1.36906745e-11   1.61157828e-07
   2.11252660e-09   1.43024931e-06]
[ 0.  1.  0.  0.  0.  0.]
[  3.02064611e-04   5.31351907e-05   1.76179201e-05   9.55130994e-01
   4.44491878e-02   4.70638552e-05]
[ 0.  0.  0.  1.  0.  0.]
[  6.10014638e-07   1.54866825e-07   3.01368619e-09   1.61822281e-05
   9.99982953e-01   6.18506633e-08]
[ 0.  0.  0.  0.  1.  0.]
[  5.43788308e-03   2.97060877e-04   9.60269899e-05   9.68587279e-01
   2.49768160e-02   6.04866946e-04]
[ 0.  0.  0.  1.  0.  0.]
[  2.35203956e-03   9.05350316e-05   2.09302864e-09   9.97530878e-01
   2.32876801e-06   2.41918915e-05]
[ 0.  0.  0.  1.  0.  0.]
[  7.91735033e-09   8.00268012e-08   9.99999881e-01   2.10793848e-11
   3.75174787e-11   2.65874258e-12]
[ 0.  0.  1.  0.  0.  0.]
[  9.81961012e-01   4.00330266e-03   1.31408771e-04   1.47618912e-03
   3.96328105e-04   1.20316148e-02]
[ 1.  0.  0.  0.  0.  0.]
[  4.52404549e-08   1.26410413e-07   9.99999881e-01   1.07879247e-10
   2.62040251e-10   5.03115778e-11]
[ 0.  0.  1.  0.  0.  0.]
[  9.99858499e-01   1.95899374e-05   4.58282372e-08   4.43060781e-05
   1.45184349e-05   6.30885479e-05]
[ 1.  0.  0.  0.  0.  0.]
[  1.75258715e-03   8.17687064e-03   1.63034187e-04   9.78592992e-01
   1.10252462e-02   2.89145042e-04]
[ 0.  0.  0.  1.  0.  0.]
[  9.99289155e-01   2.46218435e-04   1.37579320e-07   2.14013562e-04
   3.73044713e-05   2.13132254e-04]
[ 1.  0.  0.  0.  0.  0.]
[  1.28325608e-08   1.13020434e-07   9.99999881e-01   1.57385112e-11
   1.84655416e-11   3.02869774e-12]
[ 0.  0.  1.  0.  0.  0.]
[  6.26646113e-09   6.95431979e-08   9.99999881e-01   8.30353668e-12
   1.22637352e-11   1.32323102e-12]
[ 0.  0.  1.  0.  0.  0.]
[  8.72955859e-01   2.09660362e-03   1.15277100e-04   1.12012006e-01
   1.70434813e-03   1.11159449e-02]
[ 0.  0.  0.  1.  0.  0.]
check accuracy 0.9
[  4.36974990e-09   6.33767172e-08   9.99999881e-01   5.28369015e-12
   9.49535329e-12   8.23388666e-13]
[ 0.  0.  1.  0.  0.  0.]
[  1.77147433e-06   2.85971964e-06   9.99994993e-01   4.26359108e-08
   2.77529409e-07   1.66802693e-07]
[ 0.  0.  1.  0.  0.  0.]
[  3.36579183e-06   9.99991775e-01   1.27181279e-08   3.92077072e-06
   2.37335058e-08   9.41398810e-07]
[ 0.  1.  0.  0.  0.  0.]
[  2.81637753e-08   1.90771635e-10   6.62075971e-13   1.43853967e-07
   9.99999881e-01   5.50539037e-09]
[ 0.  0.  0.  0.  1.  0.]
[  2.35406985e-03   5.66719973e-05   1.92593670e-05   9.95974481e-01
   1.41210982e-03   1.83274737e-04]
[ 0.  0.  0.  1.  0.  0.]
[  9.99889731e-01   2.11002753e-05   3.19618145e-08   3.06985530e-05
   1.83103093e-05   4.00809440e-05]
[ 1.  0.  0.  0.  0.  0.]
[  3.39712392e-06   2.85940072e-09   2.35444975e-12   9.99991775e-01
   4.79750179e-06   2.53162344e-08]
[ 0.  0.  0.  1.  0.  0.]
[  6.08185813e-09   6.37958593e-08   9.99999881e-01   4.53234499e-12
   1.21228002e-11   1.88730238e-12]
[ 0.  0.  1.  0.  0.  0.]
[  9.99998927e-01   1.13319068e-07   9.76928607e-13   3.11403909e-07
   2.38666846e-08   6.17156843e-07]
[ 1.  0.  0.  0.  0.  0.]
[  2.98150699e-10   1.00000000e+00   3.57373540e-18   2.62247637e-11
   6.78919777e-15   6.05778344e-11]
[ 0.  1.  0.  0.  0.  0.]
[ 0.80513597  0.03308406  0.00794926  0.04947447  0.01484755  0.08950862]
[ 1.  0.  0.  0.  0.  0.]
[  9.28388200e-10   3.86556943e-13   2.07863457e-17   1.00000000e+00
   4.85205154e-10   2.76307341e-12]
[ 0.  0.  0.  1.  0.  0.]
[  4.66524772e-02   5.51010063e-03   1.36680517e-03   3.47019406e-04
   9.28217953e-04   9.45195377e-01]
[ 0.  0.  0.  0.  0.  1.]
[  5.45583293e-03   3.78471673e-01   4.72027482e-03   5.82627773e-01
   8.94950645e-05   2.86349468e-02]
[ 0.  1.  0.  0.  0.  0.]
[  3.59878709e-06   1.50758897e-05   9.99981284e-01   3.37457209e-08
   1.23311708e-08   8.05655809e-09]
[ 0.  0.  1.  0.  0.  0.]
[  2.61337105e-02   9.19257283e-01   1.42392473e-05   1.25886116e-04
   5.22417366e-04   5.39464355e-02]
[ 0.  0.  0.  0.  0.  1.]
[  7.71389517e-04   7.26514438e-04   2.73325684e-04   1.68359727e-01
   8.29641163e-01   2.27838973e-04]
[ 0.  0.  0.  0.  1.  0.]
[  1.14749337e-05   9.56509029e-06   9.99978662e-01   1.46849359e-07
   1.45830867e-07   5.86327609e-08]
[ 0.  0.  1.  0.  0.  0.]
[  1.19715184e-03   8.45737406e-04   9.96262848e-01   3.88282671e-04
   9.37953766e-04   3.68033419e-04]
[ 0.  0.  1.  0.  0.  0.]
[  2.40361787e-05   1.63845223e-04   9.99805152e-01   2.15218301e-06
   3.87726686e-06   1.01149283e-06]
[ 0.  0.  1.  0.  0.  0.]
check accuracy 0.85
[  1.52647014e-12   1.00000000e+00   1.29748501e-18   2.71765492e-11
   2.48164004e-16   2.42696054e-13]
[ 0.  1.  0.  0.  0.  0.]
[  5.40527196e-07   7.00362102e-10   1.34558094e-11   9.99988914e-01
   1.04871651e-05   6.52702603e-09]
[ 0.  0.  0.  1.  0.  0.]
[  1.81169046e-09   3.36089556e-08   1.00000000e+00   2.12686227e-12
   3.47802754e-12   2.16148375e-13]
[ 0.  0.  1.  0.  0.  0.]
[  2.22120876e-03   9.97296989e-01   1.21279018e-05   2.89071031e-04
   4.72204265e-05   1.33532507e-04]
[ 0.  1.  0.  0.  0.  0.]
[ 0.34107387  0.05904815  0.29036164  0.1143105   0.04624337  0.14896244]
[ 0.  0.  0.  1.  0.  0.]
[  2.99532371e-10   1.00000000e+00   2.31947730e-17   3.70194903e-10
   1.56850868e-14   4.75291403e-11]
[ 0.  1.  0.  0.  0.  0.]
[  8.57970139e-10   3.35879125e-09   4.08980098e-12   1.76193552e-07
   9.99999762e-01   1.41265621e-08]
[ 0.  0.  0.  0.  1.  0.]
[  6.75855651e-02   2.31111029e-04   1.03637598e-04   3.05043980e-02
   9.01185453e-01   3.89869558e-04]
[ 0.  0.  0.  0.  1.  0.]
[  1.54084133e-04   3.15463003e-05   1.01929036e-05   3.44326281e-07
   1.21533485e-05   9.99791682e-01]
[ 0.  0.  0.  0.  0.  1.]
[  1.93194933e-06   6.33132018e-08   1.91233451e-09   9.77866352e-01
   2.21316051e-02   1.19142953e-08]
[ 0.  0.  0.  1.  0.  0.]
[  2.79216212e-03   1.45845959e-04   1.00802927e-05   9.96010661e-01
   8.03688483e-04   2.37576518e-04]
[ 0.  0.  0.  1.  0.  0.]
[  2.85832575e-05   7.35532240e-06   8.45273291e-08   3.99465120e-04
   9.99562442e-01   2.02471506e-06]
[ 0.  0.  0.  0.  1.  0.]
[  1.55207134e-04   9.98304009e-01   2.99375770e-05   1.06457458e-03
   1.60935247e-06   4.44560806e-04]
[ 0.  0.  0.  0.  0.  1.]
[  4.76052531e-09   1.93972483e-09   2.26102366e-11   1.17830655e-06
   9.99998808e-01   1.89239291e-09]
[ 0.  0.  0.  0.  1.  0.]
[ 0.01771777  0.04648758  0.11731017  0.03080711  0.00293826  0.78473908]
[ 0.  0.  0.  0.  0.  1.]
[  1.23615731e-02   3.12082632e-03   4.61066375e-04   3.48019414e-04
   9.68952477e-01   1.47560732e-02]
[ 0.  0.  0.  0.  1.  0.]
[  2.61368172e-07   9.99999523e-01   2.93316283e-12   5.19560501e-08
   1.19698043e-10   2.81320212e-07]
[ 0.  1.  0.  0.  0.  0.]
[ 0.04858214  0.0960794   0.72586924  0.01349671  0.01011272  0.10585976]
[ 0.  0.  0.  0.  0.  1.]
[  3.03749221e-06   5.55759743e-06   9.99991417e-01   1.10714264e-08
   1.30007418e-08   1.55658775e-08]
[ 0.  0.  1.  0.  0.  0.]
[  7.35699723e-10   1.00000000e+00   1.06379166e-16   1.36447953e-09
   1.13576778e-13   1.67517544e-09]
[ 0.  1.  0.  0.  0.  0.]
check accuracy 0.8
[  6.02356493e-02   6.53202713e-01   3.67640641e-05   2.81771809e-01
   1.19138524e-04   4.63388860e-03]
[ 1.  0.  0.  0.  0.  0.]
[ 0.7210685   0.01038835  0.01185716  0.00406625  0.00608123  0.24653852]
[ 1.  0.  0.  0.  0.  0.]
[  1.17311522e-03   9.94816124e-01   5.92565392e-08   6.87346665e-06
   1.07391252e-05   3.99312843e-03]
[ 1.  0.  0.  0.  0.  0.]
[  4.85387194e-04   2.47033659e-05   3.10972337e-06   4.92659910e-03
   9.94517267e-01   4.29131796e-05]
[ 0.  0.  0.  0.  1.  0.]
[  3.55198560e-03   1.12881875e-02   2.11039986e-02   4.83741227e-04
   6.02464471e-03   9.57547486e-01]
[ 0.  0.  0.  0.  0.  1.]
[  1.66517651e-07   3.23970403e-06   9.99996543e-01   2.13196349e-09
   4.11981116e-09   2.94722746e-10]
[ 0.  0.  1.  0.  0.  0.]
[  3.35215455e-09   5.82921231e-08   9.99999881e-01   4.18211949e-12
   6.66284649e-12   5.58468907e-13]
[ 0.  0.  1.  0.  0.  0.]
[  9.12353062e-05   3.42474697e-04   9.99532938e-01   7.71624764e-06
   2.31344529e-05   2.46023319e-06]
[ 0.  0.  1.  0.  0.  0.]
[  5.80220856e-02   1.57611743e-02   4.15085291e-04   1.28070603e-03
   7.50259904e-04   9.23770666e-01]
[ 1.  0.  0.  0.  0.  0.]
[  5.23165200e-09   3.18987077e-08   1.00000000e+00   2.77083695e-12
   5.91190204e-12   1.00188586e-12]
[ 0.  0.  1.  0.  0.  0.]
[  5.92964966e-08   8.69955272e-08   2.16863016e-09   6.80061135e-07
   9.99999046e-01   7.10224981e-08]
[ 0.  0.  0.  0.  1.  0.]
[ 0.50683939  0.00204245  0.00172316  0.41474363  0.059028    0.01562326]
[ 1.  0.  0.  0.  0.  0.]
[  6.80188279e-08   9.99999642e-01   4.64439197e-13   3.10891828e-08
   7.46328832e-11   2.83174018e-07]
[ 0.  1.  0.  0.  0.  0.]
[  9.99929428e-01   8.57739724e-06   4.57726976e-08   2.88859110e-06
   9.56166332e-06   4.95385320e-05]
[ 1.  0.  0.  0.  0.  0.]
[  9.99320745e-01   6.44620013e-05   1.16070555e-06   7.16227078e-05
   6.60551523e-05   4.76081070e-04]
[ 0.  0.  0.  0.  0.  1.]
[  1.36320445e-21   1.00000000e+00   1.52437783e-35   3.25538157e-22
   9.07986232e-29   3.22966470e-23]
[ 0.  1.  0.  0.  0.  0.]
[  8.44417737e-05   8.98693615e-05   9.99818385e-01   3.09509414e-06
   2.02046840e-06   2.29350962e-06]
[ 0.  0.  1.  0.  0.  0.]
[  7.65519133e-07   3.56282669e-07   8.71233397e-08   3.09789583e-10
   2.37038662e-07   9.99998569e-01]
[ 0.  0.  0.  0.  0.  1.]
[  2.61949133e-02   1.35078025e-03   3.80580168e-04   9.59772885e-01
   2.73031043e-03   9.57055856e-03]
[ 0.  0.  0.  1.  0.  0.]
[  7.38242523e-10   1.60766476e-08   1.00000000e+00   6.53406040e-13
   1.24730944e-12   6.26238360e-14]
[ 0.  0.  1.  0.  0.  0.]
check accuracy 0.85
[  4.42004222e-07   3.30506577e-06   9.99996305e-01   6.75279965e-09
   3.00065643e-08   3.75194542e-09]
[ 0.  0.  1.  0.  0.  0.]
[  8.51643108e-06   2.30994901e-05   9.99967813e-01   1.11483452e-07
   3.00155108e-07   1.24282820e-07]
[ 0.  0.  1.  0.  0.  0.]
[  1.42894278e-04   1.13239549e-02   2.38234043e-06   2.85997942e-07
   1.43583929e-05   9.88516092e-01]
[ 0.  0.  0.  0.  0.  1.]
[  3.39504780e-08   4.07030427e-07   9.99999523e-01   1.37555245e-10
   1.16976775e-10   1.24085525e-11]
[ 0.  0.  1.  0.  0.  0.]
[  6.34253444e-03   7.52457941e-04   2.01198575e-03   7.77147943e-05
   1.67427323e-04   9.90647852e-01]
[ 0.  0.  0.  0.  0.  1.]
[  4.21584213e-17   3.65805705e-15   4.15796668e-22   3.79466771e-12
   1.00000000e+00   5.62570498e-19]
[ 0.  0.  0.  0.  1.  0.]
[  2.85496426e-09   1.92331481e-11   2.61645022e-14   9.99999285e-01
   7.26814449e-07   1.30248251e-11]
[ 0.  0.  0.  1.  0.  0.]
[ 0.08446307  0.02448159  0.00561315  0.8179493   0.01187874  0.05561415]
[ 0.  0.  0.  1.  0.  0.]
[ 0.01403756  0.01597454  0.00432621  0.00240478  0.00461417  0.95864272]
[ 0.  0.  0.  0.  0.  1.]
[  3.13767418e-02   9.93308859e-05   2.03881482e-05   1.78372022e-06
   1.26470957e-04   9.68375266e-01]
[ 1.  0.  0.  0.  0.  0.]
[  1.99633394e-08   1.00000000e+00   6.29308414e-14   4.74726525e-09
   7.84100007e-11   1.82177509e-08]
[ 0.  1.  0.  0.  0.  0.]
[  9.97920811e-01   1.88406339e-04   3.50540199e-06   2.75344035e-04
   2.61571055e-04   1.35033531e-03]
[ 0.  0.  0.  0.  0.  1.]
[  2.53641221e-04   8.84390611e-05   9.51342343e-04   6.36400591e-06
   3.36780176e-05   9.98666525e-01]
[ 0.  0.  0.  0.  0.  1.]
[  9.97467041e-01   1.52524182e-04   2.45901232e-04   3.78332625e-05
   1.10191200e-03   9.94737842e-04]
[ 1.  0.  0.  0.  0.  0.]
[  8.73273348e-06   2.76994069e-06   9.93814524e-08   1.32713728e-06
   9.99959588e-01   2.75058374e-05]
[ 0.  0.  0.  0.  1.  0.]
[  9.13582027e-01   1.48434509e-02   9.79717224e-05   1.10253161e-02
   5.36216248e-04   5.99148571e-02]
[ 0.  0.  0.  0.  0.  1.]
[  2.35021221e-11   1.00000000e+00   7.17542427e-21   1.04292824e-11
   6.24750922e-17   1.25914218e-11]
[ 0.  1.  0.  0.  0.  0.]
[  1.14403321e-07   7.95449637e-07   9.99999046e-01   2.97903702e-10
   6.95577984e-10   2.12226722e-10]
[ 0.  0.  1.  0.  0.  0.]
[  9.82952833e-01   2.73611979e-03   6.05708601e-06   1.06791342e-02
   3.22798078e-05   3.59355821e-03]
[ 1.  0.  0.  0.  0.  0.]
[  1.44807051e-03   7.61864183e-04   1.52356196e-02   3.42553278e-04
   3.99707910e-03   9.78214860e-01]
[ 0.  0.  0.  0.  0.  1.]
check accuracy 0.85
[  5.03594038e-06   2.64706841e-06   2.00499628e-07   4.56426293e-03
   9.95427608e-01   2.63534218e-07]
[ 0.  0.  0.  0.  1.  0.]
[  9.82156117e-03   4.98721900e-04   1.53457495e-05   9.88282621e-01
   3.96906573e-04   9.84742306e-04]
[ 1.  0.  0.  0.  0.  0.]
[  4.77482611e-03   9.01101708e-01   1.37104711e-04   3.71650385e-04
   3.47639463e-04   9.32671800e-02]
[ 0.  1.  0.  0.  0.  0.]
[  4.38617843e-15   1.94226074e-15   5.03834742e-20   7.39999425e-13
   1.00000000e+00   8.81480321e-17]
[ 0.  0.  0.  0.  1.  0.]
[  6.94041094e-03   2.15610564e-02   6.37512596e-04   1.55119124e-04
   7.18747382e-04   9.69987154e-01]
[ 0.  0.  0.  0.  0.  1.]
[ 0.03478742  0.00784322  0.00400541  0.89034593  0.05319085  0.0098272 ]
[ 0.  0.  0.  1.  0.  0.]
[  9.99806464e-01   6.89935405e-06   1.93936742e-08   4.43867702e-06
   4.79897381e-06   1.77525988e-04]
[ 1.  0.  0.  0.  0.  0.]
[  4.87002403e-08   1.39167526e-07   9.99999762e-01   8.25063629e-11
   1.04520267e-10   6.79917147e-12]
[ 0.  0.  1.  0.  0.  0.]
[  9.95365381e-01   9.78361582e-04   4.01970829e-06   1.13216916e-03
   1.77494087e-03   7.45008700e-04]
[ 1.  0.  0.  0.  0.  0.]
[  6.79119229e-01   2.08507736e-05   1.55190457e-06   3.03034931e-01
   1.72308739e-02   5.92509692e-04]
[ 1.  0.  0.  0.  0.  0.]
[  1.05852172e-15   1.00000000e+00   3.83331748e-23   1.86876356e-14
   5.41829878e-21   1.20056478e-16]
[ 0.  1.  0.  0.  0.  0.]
[  1.60347806e-08   2.11526228e-07   9.99999762e-01   5.17833415e-11
   6.12209797e-11   5.60038300e-12]
[ 0.  0.  1.  0.  0.  0.]
[  4.85421158e-03   2.33257393e-04   5.19176137e-05   9.91847992e-01
   2.52235425e-03   4.90209844e-04]
[ 0.  0.  0.  1.  0.  0.]
[  1.55827694e-11   1.00000000e+00   2.62669199e-22   2.71318384e-12
   1.63916228e-17   7.32419550e-13]
[ 0.  1.  0.  0.  0.  0.]
[  3.26656824e-04   3.05281719e-05   7.79909115e-09   9.99633312e-01
   5.71936926e-06   3.81752261e-06]
[ 0.  0.  0.  1.  0.  0.]
[  1.26563062e-08   1.12340430e-07   9.99999881e-01   1.98448619e-11
   3.11871362e-11   2.66696539e-12]
[ 0.  0.  1.  0.  0.  0.]
[  7.97006179e-13   1.00000000e+00   3.49918628e-20   2.76225521e-13
   6.35977880e-17   4.82423129e-13]
[ 0.  1.  0.  0.  0.  0.]
[ 0.01357882  0.01663201  0.81736606  0.13343033  0.01175082  0.007242  ]
[ 0.  1.  0.  0.  0.  0.]
[  8.10395723e-25   3.14106515e-22   1.72657257e-31   1.68131760e-21
   1.00000000e+00   7.38065165e-25]
[ 0.  0.  0.  0.  1.  0.]
[ 0.01960191  0.00516027  0.2198458   0.0021027   0.0060778   0.74721152]
[ 0.  1.  0.  0.  0.  0.]
check accuracy 0.9
[ 0.64989841  0.00371089  0.00069491  0.32414812  0.00639895  0.0151486 ]
[ 1.  0.  0.  0.  0.  0.]
[  2.16357852e-03   2.61095760e-04   1.40866716e-04   5.79606058e-06
   1.53950299e-04   9.97274697e-01]
[ 1.  0.  0.  0.  0.  0.]
[  7.62721761e-11   1.00000000e+00   2.09243899e-16   2.23988772e-10
   1.89126448e-14   7.53795117e-12]
[ 0.  1.  0.  0.  0.  0.]
[  6.95929339e-05   9.70638894e-07   4.55261739e-09   9.99921679e-01
   6.46637636e-06   1.30271019e-06]
[ 0.  0.  0.  1.  0.  0.]
[  2.24971518e-06   7.95876431e-09   4.25726954e-11   9.99964237e-01
   3.33990392e-05   1.50570543e-07]
[ 0.  0.  0.  1.  0.  0.]
[  5.29852288e-04   1.14890963e-05   4.28294197e-06   6.85091421e-04
   9.98653412e-01   1.15853094e-04]
[ 0.  0.  0.  0.  1.  0.]
[ 0.40077737  0.00331998  0.01199335  0.01996722  0.0059052   0.55803686]
[ 0.  1.  0.  0.  0.  0.]
[  2.58727386e-08   2.98245169e-07   9.99999642e-01   9.26742016e-11
   7.01014802e-11   7.03529986e-12]
[ 0.  0.  1.  0.  0.  0.]
[  6.21961860e-08   2.94659458e-07   9.99999642e-01   1.73791648e-10
   3.93895971e-10   7.57665458e-11]
[ 0.  0.  1.  0.  0.  0.]
[  5.43530041e-19   1.00000000e+00   2.80052537e-32   3.92225637e-18
   2.24499685e-23   8.82745147e-18]
[ 0.  1.  0.  0.  0.  0.]
[  7.57343059e-06   1.15706907e-05   9.99980569e-01   1.08361547e-07
   8.91925751e-08   4.97159149e-08]
[ 0.  0.  1.  0.  0.  0.]
[  1.16428417e-07   5.47697276e-10   5.08558412e-14   9.99999881e-01
   8.65359873e-09   2.44348652e-09]
[ 0.  0.  0.  1.  0.  0.]
[  2.85992542e-06   6.12590583e-08   3.95417139e-08   6.64112857e-04
   9.99332845e-01   1.53110129e-08]
[ 0.  0.  0.  0.  1.  0.]
[  6.09492930e-03   3.56106553e-03   5.29447512e-04   5.31484475e-05
   5.15047228e-04   9.89246309e-01]
[ 0.  0.  0.  0.  0.  1.]
[  2.67369894e-12   1.00000000e+00   2.03251726e-21   8.35546855e-13
   4.29373362e-16   2.36868012e-12]
[ 0.  1.  0.  0.  0.  0.]
[ 0.02792458  0.01479198  0.20170002  0.00985685  0.11537599  0.63035053]
[ 0.  0.  0.  0.  0.  1.]
[  9.40361531e-08   9.99999881e-01   3.04740147e-13   6.84076928e-09
   5.73255020e-11   3.38707409e-08]
[ 0.  1.  0.  0.  0.  0.]
[  9.97150600e-01   2.79911241e-04   1.02500308e-05   8.76369711e-04
   4.44322286e-05   1.63836137e-03]
[ 1.  0.  0.  0.  0.  0.]
[  9.96541440e-01   3.37964302e-04   1.31379657e-05   1.05196191e-03
   3.39093298e-04   1.71635044e-03]
[ 1.  0.  0.  0.  0.  0.]
[  1.56335391e-05   1.46905615e-04   5.91398657e-06   2.10580794e-07
   3.44629962e-06   9.99827862e-01]
[ 0.  0.  0.  0.  0.  1.]
check accuracy 0.95
[  6.04436821e-08   2.42256391e-07   9.99999642e-01   1.28554764e-10
   1.95281458e-10   2.62760751e-11]
[ 0.  0.  1.  0.  0.  0.]
[  4.49994615e-13   2.52556179e-12   1.44838551e-14   1.31748237e-07
   9.99999881e-01   1.83450762e-13]
[ 0.  0.  0.  0.  1.  0.]
[  6.28600038e-16   1.00000000e+00   1.30762616e-26   2.85256260e-15
   5.32248366e-22   1.45541251e-16]
[ 0.  1.  0.  0.  0.  0.]
[  9.93803740e-01   4.85676574e-04   2.05730958e-05   6.60060381e-04
   4.16839321e-04   4.61289519e-03]
[ 1.  0.  0.  0.  0.  0.]
[  8.16378724e-06   3.25659677e-08   4.51570205e-11   9.99990344e-01
   1.35032985e-06   7.24342755e-08]
[ 0.  0.  0.  1.  0.  0.]
[  4.90695820e-04   9.49065328e-01   6.99742741e-05   2.71277269e-04
   5.06825018e-05   5.00521399e-02]
[ 0.  1.  0.  0.  0.  0.]
[  2.01215553e-05   2.92808053e-08   1.22848232e-10   9.99970317e-01
   9.28557256e-06   1.86474651e-07]
[ 0.  0.  0.  1.  0.  0.]
[  2.63962168e-08   4.23430805e-07   9.99999523e-01   1.32248490e-10
   1.39916898e-10   9.88715099e-12]
[ 0.  0.  1.  0.  0.  0.]
[  1.61929740e-04   2.14441661e-06   3.49257760e-07   9.98968482e-01
   8.61179316e-04   5.80831374e-06]
[ 0.  0.  0.  1.  0.  0.]
[  1.64057885e-04   9.81016201e-05   9.99708116e-01   1.33317535e-05
   1.20082441e-05   4.25882126e-06]
[ 0.  0.  1.  0.  0.  0.]
[  6.24438903e-24   1.76933310e-22   3.96893807e-29   2.02206256e-20
   1.00000000e+00   1.07566249e-23]
[ 0.  0.  0.  0.  1.  0.]
[  1.24287144e-05   1.91865297e-06   7.38473409e-06   1.63167382e-08
   1.35482628e-06   9.99976873e-01]
[ 0.  0.  0.  0.  0.  1.]
[  4.52404549e-08   1.26410413e-07   9.99999881e-01   1.07879247e-10
   2.62040251e-10   5.03115778e-11]
[ 0.  0.  1.  0.  0.  0.]
[  2.46367602e-08   3.01761645e-07   9.99999642e-01   1.64503716e-10
   2.25337624e-10   8.45709006e-12]
[ 0.  0.  1.  0.  0.  0.]
[  1.26633225e-07   4.14122837e-07   9.99999404e-01   4.26258945e-10
   5.98264216e-10   1.02375143e-10]
[ 0.  0.  1.  0.  0.  0.]
[  1.55811809e-04   5.07413584e-04   1.77654420e-06   3.17191705e-03
   9.96138752e-01   2.43577997e-05]
[ 0.  0.  0.  0.  1.  0.]
[  7.02694061e-14   2.72391972e-14   2.31673240e-20   3.74597936e-10
   1.00000000e+00   1.28115758e-16]
[ 0.  0.  0.  0.  1.  0.]
[  9.99654412e-01   3.41426239e-05   2.79396801e-07   5.44456611e-07
   1.53692565e-06   3.08985065e-04]
[ 0.  0.  0.  1.  0.  0.]
[  2.09208927e-03   2.45087984e-04   9.95955884e-01   1.49120926e-04
   5.05667995e-04   1.05221639e-03]
[ 0.  0.  1.  0.  0.  0.]
[  1.44070473e-05   2.42022634e-06   1.14580223e-06   1.62777578e-08
   1.35063374e-06   9.99980688e-01]
[ 0.  0.  0.  0.  0.  1.]
check accuracy 0.85
[  1.07011538e-05   2.57785420e-08   6.21952490e-10   9.99978065e-01
   1.10827050e-05   9.86879627e-08]
[ 0.  0.  0.  1.  0.  0.]
[  1.24877726e-04   7.35605427e-05   6.29750793e-05   1.88345507e-06
   2.18818350e-05   9.99714792e-01]
[ 0.  0.  0.  0.  0.  1.]
[ 0.00412611  0.00169564  0.98895907  0.00110652  0.00128812  0.00282443]
[ 0.  0.  1.  0.  0.  0.]
[  8.27005948e-04   4.76543973e-05   4.21684323e-04   2.77185518e-05
   9.95425761e-01   3.25016142e-03]
[ 0.  0.  0.  0.  1.  0.]
[  1.76483959e-01   3.02432873e-05   5.33447110e-06   7.94590354e-01
   2.77483966e-02   1.14168832e-03]
[ 1.  0.  0.  0.  0.  0.]
[  2.34061845e-05   1.69338432e-06   5.44056213e-08   9.99642134e-01
   3.31997202e-04   6.62338664e-07]
[ 0.  0.  0.  1.  0.  0.]
[  6.56422781e-05   5.97889482e-07   2.99610008e-08   9.99834895e-01
   9.69875618e-05   1.84437124e-06]
[ 0.  0.  0.  1.  0.  0.]
[  4.87792969e-01   1.07349100e-04   5.37177129e-06   5.09943485e-01
   1.41664257e-03   7.34187954e-04]
[ 1.  0.  0.  0.  0.  0.]
[ 0.84012765  0.01342578  0.00441932  0.00842957  0.00622153  0.1273762 ]
[ 0.  0.  0.  0.  0.  1.]
[  4.99728003e-06   2.08953725e-06   2.20762587e-07   2.11832667e-05
   9.99965310e-01   6.20560104e-06]
[ 0.  0.  0.  0.  1.  0.]
[  2.68085643e-07   9.93948674e-07   9.99998689e-01   5.76577497e-09
   4.26771374e-09   6.38997244e-10]
[ 0.  0.  1.  0.  0.  0.]
[  2.37416103e-03   1.06421532e-03   1.47989631e-05   9.94642496e-01
   1.10727025e-03   7.97131564e-04]
[ 0.  0.  0.  1.  0.  0.]
[  9.99787509e-01   9.97236748e-06   2.81562507e-07   2.44746616e-07
   6.23319938e-05   1.39699157e-04]
[ 1.  0.  0.  0.  0.  0.]
[  8.43074560e-01   1.35646258e-02   3.33644566e-03   3.66560591e-04
   4.81984206e-02   9.14593861e-02]
[ 1.  0.  0.  0.  0.  0.]
[  1.09432010e-08   1.22661461e-07   9.99999881e-01   1.85791590e-11
   2.51989974e-11   2.53367249e-12]
[ 0.  0.  1.  0.  0.  0.]
[  1.36901980e-14   4.69678109e-14   9.94232115e-19   5.96463363e-13
   1.00000000e+00   6.97742384e-16]
[ 0.  0.  0.  0.  1.  0.]
[  1.16273179e-04   9.99543607e-01   2.38302036e-07   2.92874811e-05
   6.49367848e-07   3.09875846e-04]
[ 0.  1.  0.  0.  0.  0.]
[  4.85579949e-04   3.95493817e-06   1.62965641e-08   9.99489427e-01
   5.65139499e-06   1.53500168e-05]
[ 0.  0.  0.  1.  0.  0.]
[  3.46010154e-09   5.39307408e-08   1.00000000e+00   4.53969978e-12
   6.27738660e-12   4.92172709e-13]
[ 0.  0.  1.  0.  0.  0.]
[  6.61770443e-13   1.00000000e+00   1.59607677e-22   6.75521650e-14
   2.52862367e-19   3.72448984e-15]
[ 0.  1.  0.  0.  0.  0.]
check accuracy 0.7
[  2.25347332e-08   1.73691021e-07   9.99999762e-01   5.16316573e-11
   7.40763909e-11   1.16408281e-11]
[ 0.  0.  1.  0.  0.  0.]
[  9.99123752e-01   1.44365564e-04   2.43284535e-06   2.46962591e-04
   1.32776040e-04   3.49849841e-04]
[ 1.  0.  0.  0.  0.  0.]
[  2.04316974e-01   6.59394311e-04   1.94391323e-04   7.29153931e-01
   6.47205487e-02   9.54743067e-04]
[ 1.  0.  0.  0.  0.  0.]
[  8.20505330e-10   1.00000000e+00   1.27574298e-18   3.44551714e-11
   9.82264891e-15   1.75003165e-10]
[ 0.  1.  0.  0.  0.  0.]
[  1.29296197e-04   9.33288175e-06   2.35021434e-05   2.56538868e-07
   1.34478369e-05   9.99824226e-01]
[ 0.  0.  0.  0.  0.  1.]
[  7.20898967e-08   2.45955132e-08   3.38975542e-10   1.18767480e-06
   9.99998689e-01   1.59765463e-08]
[ 0.  0.  0.  0.  1.  0.]
[ 0.13991074  0.0472222   0.00464892  0.00528801  0.00350894  0.79942119]
[ 0.  0.  0.  0.  0.  1.]
[  8.88308406e-01   1.56877024e-04   2.66567477e-05   9.47500169e-02
   7.15817092e-04   1.60422307e-02]
[ 1.  0.  0.  0.  0.  0.]
[  1.15501076e-04   2.68752640e-03   9.96875048e-01   2.21249356e-05
   1.26281477e-04   1.73560547e-04]
[ 0.  0.  0.  0.  0.  1.]
[  4.92619611e-02   2.76463091e-01   5.09258243e-04   3.29499017e-04
   2.86948821e-03   6.70566738e-01]
[ 0.  1.  0.  0.  0.  0.]
[  1.07965874e-03   9.90390301e-01   2.19549074e-05   3.16716824e-03
   3.79094017e-05   5.30294143e-03]
[ 0.  1.  0.  0.  0.  0.]
[  2.14538477e-06   9.84571034e-06   9.99987721e-01   8.34661122e-08
   7.76135565e-08   1.21797799e-08]
[ 0.  0.  1.  0.  0.  0.]
[  5.53141674e-03   7.66621053e-01   5.06698445e-04   3.59125948e-03
   2.60407600e-04   2.23489255e-01]
[ 0.  0.  0.  0.  0.  1.]
[ 0.09694262  0.00682626  0.02603909  0.00309729  0.00514156  0.8619532 ]
[ 0.  0.  0.  0.  0.  1.]
[  3.61697450e-02   1.25315762e-03   2.92916520e-04   9.39388096e-01
   1.93947349e-02   3.50134331e-03]
[ 0.  0.  0.  1.  0.  0.]
[  9.99723613e-01   2.65584331e-05   3.19036424e-08   1.35891474e-04
   7.06379024e-06   1.06869236e-04]
[ 1.  0.  0.  0.  0.  0.]
[  5.29145300e-02   2.94381683e-03   2.09631072e-03   2.48044162e-05
   2.02926844e-02   9.21727836e-01]
[ 1.  0.  0.  0.  0.  0.]
[  1.14429204e-08   9.02245247e-08   9.99999881e-01   2.39715539e-11
   2.35527486e-10   1.10694814e-10]
[ 0.  0.  1.  0.  0.  0.]
[  2.86184549e-02   7.22537661e-05   6.48553112e-07   9.71102059e-01
   8.30229110e-05   1.23473597e-04]
[ 1.  0.  0.  0.  0.  0.]
[  1.20152065e-11   4.14308084e-12   2.21494963e-17   9.99999881e-01
   1.33276956e-07   2.33216360e-14]
[ 0.  0.  0.  1.  0.  0.]
check accuracy 0.65
[ 0.01302244  0.00385936  0.59835702  0.00623556  0.00491201  0.37361357]
[ 0.  0.  0.  0.  0.  1.]
[  2.01352872e-04   1.00239376e-05   2.75636353e-07   9.99677420e-01
   9.90979606e-05   1.18059270e-05]
[ 0.  0.  0.  1.  0.  0.]
[  2.87147986e-06   5.74514800e-08   9.13745579e-10   9.99717772e-01
   2.79223430e-04   3.31818129e-08]
[ 0.  0.  0.  1.  0.  0.]
[  5.45656840e-05   1.05638774e-02   6.69917354e-05   1.98158932e-06
   5.04800264e-05   9.89262044e-01]
[ 0.  1.  0.  0.  0.  0.]
[  9.84872103e-01   5.34294173e-04   1.75731966e-05   1.13898544e-02
   3.01689724e-03   1.69141596e-04]
[ 1.  0.  0.  0.  0.  0.]
[  4.87002403e-08   1.39167526e-07   9.99999762e-01   8.25063629e-11
   1.04520267e-10   6.79917147e-12]
[ 0.  0.  1.  0.  0.  0.]
[  5.60401868e-15   1.00000000e+00   1.16102314e-26   1.00558110e-15
   3.67834809e-22   9.62732989e-16]
[ 0.  1.  0.  0.  0.  0.]
[  4.08124179e-02   4.14406881e-03   3.30220864e-05   5.59586508e-04
   2.85421353e-04   9.54165518e-01]
[ 1.  0.  0.  0.  0.  0.]
[  6.45351320e-05   1.43176203e-06   2.25847998e-07   9.97323096e-01
   2.60961172e-03   1.04318678e-06]
[ 0.  0.  0.  1.  0.  0.]
[  1.44873383e-07   1.40812091e-07   1.10149545e-09   4.16470903e-06
   9.99995589e-01   1.59211311e-08]
[ 0.  0.  0.  0.  1.  0.]
[  6.25639781e-02   8.11683655e-01   4.28551102e-05   8.03689705e-04
   3.05809081e-04   1.24600038e-01]
[ 0.  0.  0.  0.  0.  1.]
[ 0.08696969  0.04777901  0.02261136  0.04367612  0.00288107  0.79608274]
[ 0.  0.  0.  0.  0.  1.]
[  6.86232686e-01   3.36115691e-03   1.22694632e-06   3.05025876e-01
   4.64305235e-03   7.36035116e-04]
[ 0.  0.  0.  1.  0.  0.]
[  9.82473552e-01   5.97316131e-04   2.06628138e-05   1.03803733e-02
   5.77123137e-03   7.56929105e-04]
[ 0.  0.  0.  1.  0.  0.]
[  1.23689359e-03   1.23472375e-04   5.71557212e-05   2.15048613e-06
   4.45916085e-05   9.98535752e-01]
[ 0.  0.  0.  0.  0.  1.]
[ 0.0731848   0.0463759   0.66442251  0.04714669  0.10142832  0.06744185]
[ 0.  0.  0.  0.  0.  1.]
[  5.06995060e-03   5.02230180e-03   4.02036542e-03   2.83065980e-04
   8.44332448e-04   9.84759986e-01]
[ 0.  0.  0.  0.  0.  1.]
[  8.66004339e-05   9.24251617e-06   3.51640388e-08   9.99813497e-01
   8.62870002e-05   4.37457902e-06]
[ 0.  0.  0.  1.  0.  0.]
[  4.18447098e-06   9.99994516e-01   2.36198231e-11   6.04710806e-07
   1.28114541e-09   7.66594269e-07]
[ 0.  1.  0.  0.  0.  0.]
[  1.55811809e-04   5.07413584e-04   1.77654420e-06   3.17191705e-03
   9.96138752e-01   2.43577997e-05]
[ 0.  0.  0.  0.  1.  0.]
check accuracy 0.9
[  8.25791419e-01   1.10171735e-03   1.40567436e-05   2.06324141e-04
   5.68245305e-05   1.72829628e-01]
[ 1.  0.  0.  0.  0.  0.]
[  9.19604872e-07   6.49196252e-10   1.13583860e-12   9.99996901e-01
   2.11148836e-06   7.43342332e-10]
[ 0.  0.  0.  1.  0.  0.]
[  9.99979854e-01   1.20641116e-05   3.11903364e-10   1.22050790e-06
   1.19492802e-06   5.69135591e-06]
[ 1.  0.  0.  0.  0.  0.]
[  1.50194273e-05   9.83554492e-06   9.99973178e-01   3.02083919e-07
   1.27851047e-06   1.85650450e-07]
[ 0.  0.  1.  0.  0.  0.]
[  2.04908920e-12   1.00000000e+00   3.16400907e-23   2.93869407e-14
   9.53921226e-19   5.73175540e-14]
[ 0.  1.  0.  0.  0.  0.]
[  2.40136924e-05   2.81329278e-07   1.94746974e-09   9.99930620e-01
   4.45439946e-05   4.24550336e-07]
[ 0.  0.  0.  1.  0.  0.]
[  2.79570656e-07   2.74188005e-06   9.99997020e-01   2.74399459e-09
   2.25857377e-09   4.84555451e-10]
[ 0.  0.  1.  0.  0.  0.]
[  2.43003524e-04   5.33552375e-05   3.24470675e-05   3.11987754e-03
   9.96514499e-01   3.67722205e-05]
[ 0.  0.  0.  0.  1.  0.]
[  4.08692467e-05   3.22428355e-06   1.55303781e-07   9.28352058e-01
   7.16022477e-02   1.47809192e-06]
[ 0.  0.  0.  1.  0.  0.]
[  2.83198460e-04   1.24596336e-04   9.99547541e-01   6.14024384e-06
   1.17845066e-05   2.67402338e-05]
[ 0.  0.  1.  0.  0.  0.]
[  1.66517651e-07   3.23970403e-06   9.99996543e-01   2.13196349e-09
   4.11981116e-09   2.94722746e-10]
[ 0.  0.  1.  0.  0.  0.]
[ 0.04748197  0.13223712  0.00727348  0.00293548  0.01329133  0.79678059]
[ 0.  0.  0.  0.  0.  1.]
[  4.36414240e-07   6.92590675e-07   1.17632876e-10   9.67560396e-08
   9.99998450e-01   3.81519840e-07]
[ 0.  0.  0.  0.  1.  0.]
[  3.88357090e-03   8.11346710e-01   2.85404367e-05   3.74221680e-04
   4.36107453e-04   1.83930755e-01]
[ 0.  0.  0.  0.  0.  1.]
[  9.89325285e-01   1.15271751e-03   7.49254323e-05   3.74001754e-03
   4.51612810e-04   5.25543932e-03]
[ 1.  0.  0.  0.  0.  0.]
[  9.89697993e-01   2.58999201e-03   1.10240857e-04   3.60360811e-03
   7.54350505e-04   3.24378861e-03]
[ 1.  0.  0.  0.  0.  0.]
[  9.82473552e-01   5.97316131e-04   2.06628138e-05   1.03803733e-02
   5.77123137e-03   7.56929105e-04]
[ 0.  0.  0.  1.  0.  0.]
[  1.18400603e-05   9.99957085e-01   1.11660734e-08   1.55895959e-05
   9.21346199e-08   1.53270012e-05]
[ 0.  1.  0.  0.  0.  0.]
[  6.21467234e-06   2.85253435e-07   2.17599982e-09   9.99935508e-01
   5.76170714e-05   3.10354238e-07]
[ 0.  0.  0.  1.  0.  0.]
[  2.46199124e-06   2.96746930e-06   9.12568439e-08   9.40429221e-04
   9.99053657e-01   3.49050111e-07]
[ 0.  0.  0.  0.  1.  0.]
check accuracy 0.9
[  8.16278323e-10   1.49993244e-08   1.00000000e+00   5.09567594e-13
   7.54860909e-13   4.41697494e-14]
[ 0.  0.  1.  0.  0.  0.]
[  3.08914451e-07   1.31964584e-09   2.88020611e-13   9.99999523e-01
   6.48096261e-08   3.16540039e-09]
[ 0.  0.  0.  1.  0.  0.]
[  5.10287037e-14   1.14844156e-13   1.46255882e-16   1.14591936e-08
   1.00000000e+00   4.47717528e-16]
[ 0.  0.  0.  0.  1.  0.]
[  2.11905091e-04   2.83646630e-04   2.12210962e-05   4.06849949e-07
   2.10556518e-05   9.99461830e-01]
[ 0.  0.  0.  0.  0.  1.]
[  2.05319011e-05   2.97677278e-08   8.77146911e-10   9.99638319e-01
   3.40952654e-04   8.60525233e-08]
[ 0.  0.  0.  1.  0.  0.]
[  1.89144305e-06   6.95172048e-06   9.99991179e-01   2.87616011e-08
   1.95726351e-08   4.27635127e-09]
[ 0.  0.  1.  0.  0.  0.]
[  1.22131678e-06   3.73361120e-09   3.75964504e-09   9.99309421e-01
   6.89362292e-04   2.73855498e-08]
[ 0.  0.  0.  1.  0.  0.]
[  4.57979113e-05   2.15978935e-06   1.15241441e-07   9.72922742e-01
   2.70286985e-02   5.91030471e-07]
[ 0.  0.  0.  0.  1.  0.]
[ 0.45717475  0.01870952  0.00299395  0.45543367  0.00336368  0.06232446]
[ 0.  0.  0.  0.  0.  1.]
[  4.46324033e-10   2.20280933e-12   8.11240379e-17   1.34186817e-09
   1.00000000e+00   5.87611849e-16]
[ 0.  0.  0.  0.  1.  0.]
[  1.42955844e-06   9.99998331e-01   1.31576294e-14   1.18698082e-07
   1.14275533e-11   1.12896160e-07]
[ 0.  1.  0.  0.  0.  0.]
[  1.13058967e-08   9.03366200e-08   9.99999881e-01   2.88475129e-11
   3.60997551e-11   3.40547729e-12]
[ 0.  0.  1.  0.  0.  0.]
[  9.99247789e-01   1.52503722e-04   3.38963400e-06   1.40886143e-04
   1.16909039e-04   3.38604761e-04]
[ 1.  0.  0.  0.  0.  0.]
[  1.99494098e-05   4.10143955e-04   4.66953793e-07   1.55729651e-08
   1.01109254e-04   9.99468386e-01]
[ 0.  0.  0.  0.  0.  1.]
[  1.45004713e-04   6.84629194e-05   9.99779522e-01   2.31511217e-06
   1.63880077e-06   3.04922605e-06]
[ 0.  0.  1.  0.  0.  0.]
[  1.84036978e-07   9.99999046e-01   1.00517181e-11   8.25459452e-08
   2.79253438e-08   5.80343908e-07]
[ 0.  1.  0.  0.  0.  0.]
[  4.24578823e-02   3.19636241e-03   3.40324623e-04   1.85046380e-03
   9.47810352e-01   4.34458628e-03]
[ 0.  0.  0.  0.  1.  0.]
[  2.11498525e-04   1.23209262e-04   3.68168112e-05   1.85463447e-02
   9.80830073e-01   2.52056925e-04]
[ 0.  0.  0.  0.  1.  0.]
[  8.71233940e-01   1.28590851e-03   1.97975489e-04   1.11203477e-01
   1.21405569e-03   1.48647400e-02]
[ 1.  0.  0.  0.  0.  0.]
[  2.58659565e-08   6.55221370e-08   7.09615838e-11   1.64204121e-05
   9.99983430e-01   1.70360837e-10]
[ 0.  0.  0.  0.  1.  0.]
check accuracy 0.95
[  6.17828027e-06   1.99135329e-07   1.42228282e-08   9.98224914e-01
   1.76844257e-03   1.98756240e-07]
[ 0.  0.  0.  1.  0.  0.]
[ 0.68670058  0.02554877  0.03526438  0.00300453  0.01262595  0.23685583]
[ 1.  0.  0.  0.  0.  0.]
[  9.17327225e-01   9.28378024e-04   2.34298393e-04   4.00317571e-04
   8.36674869e-03   7.27428645e-02]
[ 1.  0.  0.  0.  0.  0.]
[  7.93108463e-01   1.32948667e-01   5.61521265e-05   2.16060039e-03
   4.80730843e-04   7.12454766e-02]
[ 1.  0.  0.  0.  0.  0.]
[  4.61239807e-07   9.99998212e-01   4.29188823e-10   1.48343290e-07
   1.95246264e-09   1.18935964e-06]
[ 0.  1.  0.  0.  0.  0.]
[  7.94670545e-03   3.32748354e-03   4.33341891e-04   7.92772770e-02
   9.03356016e-01   5.65928733e-03]
[ 0.  0.  0.  0.  1.  0.]
[  9.52284259e-04   1.09707898e-05   3.00497582e-08   9.98955727e-01
   6.61659942e-05   1.47077808e-05]
[ 0.  0.  0.  1.  0.  0.]
[  8.70240513e-07   3.81612519e-09   7.74622866e-11   9.99978185e-01
   2.09882419e-05   3.53759488e-09]
[ 0.  0.  0.  1.  0.  0.]
[  1.46864804e-05   2.34610507e-05   1.46154230e-06   2.98094645e-04
   9.99652624e-01   9.68588211e-06]
[ 0.  0.  0.  0.  1.  0.]
[  9.85095312e-07   9.99998093e-01   1.11742976e-10   4.53160510e-07
   7.06060932e-10   4.73915520e-07]
[ 0.  1.  0.  0.  0.  0.]
[  2.03906046e-03   2.16526823e-04   1.26667859e-04   1.25611713e-03
   9.70703602e-01   2.56580710e-02]
[ 0.  0.  0.  0.  1.  0.]
[  9.96196508e-01   1.56020847e-04   1.55148393e-06   3.06003354e-03
   2.54461520e-05   5.60497050e-04]
[ 1.  0.  0.  0.  0.  0.]
[  4.73135042e-05   9.99945402e-01   1.02008599e-07   6.31748571e-06
   4.50482807e-09   7.80949904e-07]
[ 0.  1.  0.  0.  0.  0.]
[  3.35301482e-03   9.93693888e-01   4.91066166e-05   3.27393209e-04
   3.96516989e-04   2.18002615e-03]
[ 0.  1.  0.  0.  0.  0.]
[  1.42863172e-03   8.76903505e-06   5.06658125e-07   8.87864968e-04
   9.97304320e-01   3.69886751e-04]
[ 0.  0.  0.  0.  1.  0.]
[  2.20544549e-04   9.99207675e-01   5.67892073e-07   4.15504473e-05
   6.89670196e-06   5.22667076e-04]
[ 0.  1.  0.  0.  0.  0.]
[  9.98505712e-01   2.02499490e-04   2.75233310e-06   9.29641479e-04
   7.67283782e-05   2.82644411e-04]
[ 0.  0.  0.  1.  0.  0.]
[ 0.02926164  0.00324942  0.00498932  0.00498508  0.0039253   0.9535892 ]
[ 0.  0.  0.  0.  0.  1.]
[  3.02098078e-06   9.99991894e-01   9.75647674e-10   8.44772785e-07
   7.74516096e-09   4.27287114e-06]
[ 0.  1.  0.  0.  0.  0.]
[  4.14197028e-01   5.71282387e-01   4.58123031e-06   3.21516325e-03
   4.77546186e-04   1.08233690e-02]
[ 0.  1.  0.  0.  0.  0.]
check accuracy 0.7
[ 0.02077568  0.00512095  0.62957895  0.02462594  0.06764477  0.25225377]
[ 1.  0.  0.  0.  0.  0.]
[  8.53615129e-05   6.91503446e-05   2.17253779e-04   2.49188611e-06
   3.29334107e-05   9.99592841e-01]
[ 0.  0.  0.  0.  0.  1.]
[  2.28641260e-12   6.04386203e-12   3.74869339e-15   1.37174105e-10
   1.00000000e+00   1.23604122e-12]
[ 0.  0.  0.  0.  1.  0.]
[  2.14661960e-03   1.57377490e-05   7.97775783e-07   9.97578561e-01
   2.22636852e-04   3.56679229e-05]
[ 0.  0.  0.  1.  0.  0.]
[ 0.05394267  0.01791827  0.01265635  0.04566604  0.78690183  0.08291488]
[ 0.  1.  0.  0.  0.  0.]
[ 0.11222854  0.15448019  0.00352644  0.08663872  0.59556538  0.04756076]
[ 0.  0.  0.  0.  0.  1.]
[  1.81793620e-08   4.99715824e-08   8.77139333e-11   9.33993761e-06
   9.99990582e-01   2.49148124e-09]
[ 0.  0.  0.  0.  1.  0.]
[  2.42397073e-06   3.11750796e-06   1.29149470e-07   2.84902580e-05
   9.99963522e-01   2.26823659e-06]
[ 0.  0.  0.  0.  1.  0.]
[  4.57979113e-05   2.15978935e-06   1.15241441e-07   9.72922742e-01
   2.70286985e-02   5.91030471e-07]
[ 0.  0.  0.  0.  1.  0.]
[  3.50095006e-03   5.09437632e-05   1.69303912e-05   9.93443489e-01
   2.79824762e-03   1.89460727e-04]
[ 0.  0.  0.  1.  0.  0.]
[  2.42690567e-05   1.26451894e-07   3.39791129e-09   9.99914169e-01
   6.10093703e-05   3.10298191e-07]
[ 0.  0.  0.  1.  0.  0.]
[  4.89714555e-03   1.54068912e-04   4.00096615e-05   2.94250299e-06
   6.71795933e-05   9.94838655e-01]
[ 1.  0.  0.  0.  0.  0.]
[  1.41681294e-05   3.23941066e-07   6.21064400e-09   9.78504002e-01
   2.14814674e-02   9.04067932e-08]
[ 0.  0.  0.  1.  0.  0.]
[  4.25500384e-18   1.00000000e+00   3.54164644e-29   3.90630957e-18
   1.14292957e-22   1.62473730e-18]
[ 0.  1.  0.  0.  0.  0.]
[  9.99406934e-01   6.53897951e-05   1.07581127e-06   4.28414533e-05
   1.51247819e-04   3.32343247e-04]
[ 1.  0.  0.  0.  0.  0.]
[  4.90154341e-11   1.00000000e+00   2.04700771e-19   1.52405918e-11
   4.55786057e-15   1.01800157e-11]
[ 0.  1.  0.  0.  0.  0.]
[  8.20456353e-06   9.99964833e-01   3.71136721e-08   1.78927312e-05
   6.67149322e-07   8.31200941e-06]
[ 0.  1.  0.  0.  0.  0.]
[ 0.02136417  0.00381485  0.07018401  0.81142849  0.0795223   0.01368607]
[ 0.  0.  0.  1.  0.  0.]
[  1.60969258e-03   1.04395556e-03   9.93889570e-01   8.82523367e-04
   2.04393268e-03   5.30264224e-04]
[ 0.  0.  1.  0.  0.  0.]
[ 0.74173439  0.03434906  0.00524637  0.09725064  0.00747248  0.11394697]
[ 0.  0.  0.  0.  0.  1.]
check accuracy 0.9
[  3.86011088e-05   4.14591741e-05   7.38276412e-06   1.36402040e-03
   9.98504758e-01   4.38383831e-05]
[ 0.  0.  0.  0.  1.  0.]
[  2.23357253e-11   1.00000000e+00   9.64927029e-18   1.91080381e-11
   1.15514086e-15   3.10363974e-12]
[ 0.  1.  0.  0.  0.  0.]
[ 0.0232168   0.00167077  0.00223655  0.792189    0.17847084  0.00221616]
[ 0.  0.  0.  1.  0.  0.]
[  9.64349520e-12   7.01801048e-11   8.68370639e-15   4.74619492e-06
   9.99995232e-01   7.00508445e-13]
[ 0.  0.  0.  0.  1.  0.]
[  4.33416716e-08   1.23555915e-10   4.11237369e-13   1.15161793e-05
   9.99988437e-01   2.06403870e-11]
[ 0.  0.  0.  0.  1.  0.]
[  7.75817607e-05   9.98902798e-01   1.59448462e-06   5.72774479e-06
   1.64035509e-06   1.01059361e-03]
[ 0.  1.  0.  0.  0.  0.]
[  5.97982807e-03   2.03234158e-04   2.08810746e-07   9.93644357e-01
   7.69638064e-05   9.53436393e-05]
[ 0.  0.  0.  1.  0.  0.]
[  1.66186423e-04   1.88832171e-04   3.06259899e-05   8.70815187e-04
   9.98251379e-01   4.92175401e-04]
[ 0.  0.  0.  1.  0.  0.]
[  6.52463239e-09   1.13209971e-07   9.99999881e-01   1.23477157e-11
   1.74242339e-11   1.55655003e-12]
[ 0.  0.  1.  0.  0.  0.]
[  1.49017069e-05   9.66141215e-07   1.02176472e-07   9.97809827e-01
   2.17353948e-03   7.14211069e-07]
[ 0.  0.  0.  1.  0.  0.]
[  9.46983933e-01   2.78745573e-02   2.70279288e-05   1.52220717e-02
   3.57021403e-04   9.53546818e-03]
[ 1.  0.  0.  0.  0.  0.]
[  9.84177204e-14   6.23769482e-12   2.52089075e-16   1.07312042e-06
   9.99998927e-01   7.51632103e-16]
[ 0.  0.  0.  0.  1.  0.]
[  7.09250401e-07   3.11572398e-06   2.26118626e-08   8.68038595e-01
   1.31957442e-01   6.26342072e-08]
[ 0.  0.  0.  1.  0.  0.]
[  7.78076879e-04   8.72379678e-05   1.55755537e-04   8.92425776e-01
   1.06475025e-01   7.80778500e-05]
[ 0.  0.  0.  1.  0.  0.]
[  3.29261161e-06   4.08929918e-05   6.80585936e-06   6.22996222e-03
   9.93705928e-01   1.31254574e-05]
[ 0.  0.  0.  0.  1.  0.]
[  5.67290420e-03   3.51752364e-03   4.73997882e-03   5.14292216e-04
   5.48281532e-04   9.85006988e-01]
[ 0.  0.  0.  0.  0.  1.]
[  6.60698879e-06   1.89897492e-06   9.08096283e-08   3.14328732e-04
   9.99675751e-01   1.29018326e-06]
[ 0.  0.  0.  0.  1.  0.]
[  9.57891345e-01   4.58621100e-04   6.23055212e-06   4.03930396e-02
   9.67884771e-05   1.15384848e-03]
[ 1.  0.  0.  0.  0.  0.]
[  5.42229274e-04   6.19131315e-04   9.98696744e-01   3.23374261e-05
   1.70561525e-05   9.24549313e-05]
[ 0.  0.  1.  0.  0.  0.]
[  7.19524473e-02   9.59695783e-03   5.01143368e-05   9.15080309e-01
   1.11766858e-04   3.20834853e-03]
[ 0.  0.  0.  0.  0.  1.]
check accuracy 0.8
[  3.33730023e-11   1.00000000e+00   2.80907269e-18   1.51299511e-11
   2.16687270e-15   3.30016093e-12]
[ 0.  1.  0.  0.  0.  0.]
[  3.51515137e-25   5.20704894e-22   9.71666901e-28   5.30023582e-15
   1.00000000e+00   1.10216483e-27]
[ 0.  0.  0.  0.  1.  0.]
[  8.47326831e-09   1.00000000e+00   3.24631582e-15   2.22106356e-09
   2.32503773e-12   1.80836235e-09]
[ 0.  1.  0.  0.  0.  0.]
[  7.96319728e-05   1.00243706e-02   1.80969855e-05   1.34012240e-04
   5.57858288e-01   4.31885600e-01]
[ 0.  1.  0.  0.  0.  0.]
[  2.37076932e-07   8.34339209e-10   1.28384038e-13   9.99999762e-01
   1.03013633e-08   1.05557907e-09]
[ 0.  0.  0.  1.  0.  0.]
[ 0.56603646  0.05231619  0.00397715  0.12654896  0.0023284   0.24879283]
[ 0.  0.  0.  0.  0.  1.]
[  6.48107263e-04   1.35700087e-04   6.01271982e-04   3.37890992e-06
   8.07680481e-05   9.98530746e-01]
[ 0.  0.  0.  0.  0.  1.]
[  3.81299615e-04   5.01753857e-05   2.07146841e-05   9.38517809e-01
   6.10031113e-02   2.68645290e-05]
[ 0.  0.  0.  1.  0.  0.]
[  1.00536199e-05   4.51875210e-04   7.77763091e-07   3.22009297e-03
   9.96308625e-01   8.59114425e-06]
[ 0.  0.  0.  0.  1.  0.]
[  1.23241373e-08   1.00000000e+00   4.77893177e-14   4.86706009e-09
   6.32850326e-12   7.99391930e-09]
[ 0.  1.  0.  0.  0.  0.]
[  3.92525390e-09   7.93958562e-12   4.08281502e-14   9.99983072e-01
   1.69289033e-05   9.82410941e-12]
[ 0.  0.  0.  1.  0.  0.]
[  1.35717501e-05   1.29317607e-06   4.31589910e-07   6.39449790e-05
   9.99915481e-01   5.20654658e-06]
[ 0.  0.  0.  0.  1.  0.]
[  2.09616439e-04   3.70304548e-07   9.89393190e-09   9.99768198e-01
   1.92499174e-05   2.45569913e-06]
[ 0.  0.  0.  1.  0.  0.]
[  4.12879325e-02   9.11016524e-01   5.85926682e-05   1.07543822e-03
   6.22166030e-04   4.59392332e-02]
[ 1.  0.  0.  0.  0.  0.]
[  5.76563741e-10   2.45840692e-11   1.36029124e-16   9.99998212e-01
   1.77776565e-06   2.99578353e-12]
[ 0.  0.  0.  1.  0.  0.]
[  1.74784064e-02   8.09700966e-01   3.46943922e-02   3.92790040e-04
   8.88791110e-04   1.36844710e-01]
[ 0.  0.  0.  0.  0.  1.]
[  9.99560416e-01   3.19634535e-04   5.02973165e-08   3.35776458e-05
   1.49149728e-05   7.15045317e-05]
[ 1.  0.  0.  0.  0.  0.]
[  7.82688669e-09   9.30361921e-08   9.99999881e-01   2.15420095e-11
   5.91458826e-11   6.79433679e-12]
[ 0.  0.  1.  0.  0.  0.]
[  1.11402734e-03   6.54401199e-04   4.15463379e-04   7.37597366e-05
   2.97143916e-03   9.94770944e-01]
[ 0.  0.  0.  0.  0.  1.]
[  5.50671399e-01   3.16268601e-03   2.27118999e-05   4.32987273e-01
   8.17695865e-04   1.23381428e-02]
[ 1.  0.  0.  0.  0.  0.]
check accuracy 0.95
[  3.94406499e-29   4.53302010e-27   1.39572419e-35   3.57712347e-15
   1.00000000e+00   1.25204119e-34]
[ 0.  0.  0.  0.  1.  0.]
[  1.53537467e-03   2.03755684e-04   1.40398013e-04   9.72078502e-01
   2.58005448e-02   2.41362504e-04]
[ 0.  0.  0.  1.  0.  0.]
[  7.76596607e-07   9.99996543e-01   7.94720800e-12   2.24467115e-07
   8.31613389e-10   2.35324683e-06]
[ 0.  1.  0.  0.  0.  0.]
[  6.03886147e-04   9.00969863e-01   6.95768733e-07   2.42891747e-05
   7.24588745e-06   9.83940586e-02]
[ 0.  1.  0.  0.  0.  0.]
[  9.99284565e-01   7.48849270e-05   1.49999630e-06   2.45992240e-04
   1.06969608e-04   2.85986112e-04]
[ 1.  0.  0.  0.  0.  0.]
[  2.61783833e-15   1.00000000e+00   3.12361530e-25   1.03347320e-14
   1.95574270e-20   7.87641432e-16]
[ 0.  1.  0.  0.  0.  0.]
[  3.43543505e-08   3.82417511e-07   9.99999642e-01   5.59726640e-11
   1.02122415e-10   2.48683903e-11]
[ 0.  0.  1.  0.  0.  0.]
[ 0.07523907  0.29356298  0.2719506   0.03463089  0.02433059  0.30028588]
[ 0.  0.  0.  0.  0.  1.]
[  9.99872446e-01   5.96693235e-06   6.19949259e-10   1.11700625e-04
   1.75857144e-06   8.11623613e-06]
[ 1.  0.  0.  0.  0.  0.]
[  2.31303984e-05   9.99957442e-01   3.08923820e-09   6.54536143e-06
   1.84331856e-08   1.28707898e-05]
[ 0.  1.  0.  0.  0.  0.]
[  9.43040788e-01   1.90230121e-03   3.93214403e-04   1.46864634e-03
   9.70744702e-04   5.22243269e-02]
[ 1.  0.  0.  0.  0.  0.]
[  6.76143682e-03   1.23109026e-02   1.29218232e-02   5.41963615e-04
   6.18111342e-03   9.61282730e-01]
[ 0.  0.  0.  0.  0.  1.]
[  1.09946265e-08   4.93643313e-08   9.99999881e-01   1.04915712e-11
   1.93789811e-11   2.31314317e-12]
[ 0.  0.  1.  0.  0.  0.]
[  3.59448358e-14   1.00000000e+00   2.59990682e-21   7.59525364e-14
   1.42034753e-17   6.92181230e-14]
[ 0.  1.  0.  0.  0.  0.]
[  2.77263856e-09   1.00000000e+00   2.14950779e-13   2.22073737e-09
   1.11245818e-13   1.14921898e-10]
[ 0.  1.  0.  0.  0.  0.]
[  3.09775453e-02   3.29937623e-03   7.23905687e-04   4.83759902e-02
   9.15381551e-01   1.24160643e-03]
[ 0.  0.  0.  0.  1.  0.]
[ 0.00321444  0.00362153  0.00183274  0.06222871  0.92686784  0.00223478]
[ 0.  0.  0.  0.  1.  0.]
[  9.44458097e-02   2.15070276e-03   5.80644060e-04   8.12960923e-01
   8.69044587e-02   2.95751123e-03]
[ 1.  0.  0.  0.  0.  0.]
[  4.38619033e-03   1.02227725e-01   1.50710028e-02   1.62947443e-04
   1.20841535e-02   8.66068006e-01]
[ 0.  0.  0.  0.  0.  1.]
[  1.47231942e-04   3.81788122e-04   4.55848894e-05   1.34948352e-02
   9.85674798e-01   2.55781139e-04]
[ 0.  0.  0.  0.  1.  0.]
check accuracy 0.85
[  3.81799232e-08   4.95473991e-08   1.20198662e-09   4.27710256e-06
   9.99995589e-01   2.51730832e-08]
[ 0.  0.  0.  0.  1.  0.]
[  1.33625742e-08   9.99999881e-01   2.80752765e-12   7.20403577e-08
   5.14512669e-11   3.44783424e-09]
[ 0.  1.  0.  0.  0.  0.]
[  1.18007371e-02   2.77646002e-03   2.60499655e-04   9.18514490e-01
   6.31480068e-02   3.49984900e-03]
[ 0.  0.  0.  1.  0.  0.]
[  5.98408654e-03   9.77471888e-01   7.16079148e-06   3.01733526e-04
   6.01295651e-05   1.61751676e-02]
[ 0.  0.  0.  0.  0.  1.]
[  7.02368503e-04   6.14921737e-04   1.09217595e-04   1.15369812e-05
   8.33655300e-04   9.97728288e-01]
[ 0.  0.  0.  0.  0.  1.]
[  5.59097063e-03   9.81963992e-01   6.07964575e-05   1.04051072e-03
   1.06705389e-04   1.12370327e-02]
[ 0.  1.  0.  0.  0.  0.]
[  8.06852011e-04   4.07675368e-04   3.97015858e-04   3.33075761e-03
   9.82985079e-01   1.20725613e-02]
[ 0.  0.  0.  0.  1.  0.]
[  9.59374046e-14   1.00000000e+00   3.65540024e-26   6.65366784e-15
   1.99047815e-20   6.06424514e-15]
[ 0.  1.  0.  0.  0.  0.]
[  3.23830496e-09   1.00000000e+00   6.07345599e-16   1.03478548e-09
   3.27194413e-12   5.01458031e-09]
[ 0.  1.  0.  0.  0.  0.]
[ 0.1314069   0.756464    0.00185252  0.00099866  0.00096036  0.10831752]
[ 0.  1.  0.  0.  0.  0.]
[  1.38540315e-07   4.28843038e-07   9.99999404e-01   7.53081264e-10
   1.20197985e-09   2.74588463e-10]
[ 0.  0.  1.  0.  0.  0.]
[  9.99977827e-01   8.33754314e-07   1.98293559e-08   3.00613010e-07
   1.04919009e-05   1.04734963e-05]
[ 1.  0.  0.  0.  0.  0.]
[ 0.00450849  0.00104333  0.98918986  0.00171452  0.00253675  0.00100706]
[ 0.  0.  1.  0.  0.  0.]
[  9.99994159e-01   1.66819518e-06   8.60815863e-10   5.90868126e-07
   1.48346874e-06   2.18560240e-06]
[ 1.  0.  0.  0.  0.  0.]
[  2.24917542e-07   7.86127136e-11   1.79455962e-12   9.99991775e-01
   7.99986810e-06   7.79832754e-10]
[ 0.  0.  0.  1.  0.  0.]
[  8.64248097e-01   3.73198427e-02   1.42870442e-04   4.10064496e-03
   4.29242093e-04   9.37592387e-02]
[ 0.  0.  0.  0.  0.  1.]
[  1.44691148e-04   5.57297572e-05   4.86113240e-05   7.64887375e-07
   3.96769019e-06   9.99746263e-01]
[ 0.  0.  0.  0.  0.  1.]
[  7.92933628e-03   1.34509627e-03   2.55780295e-04   9.64843930e-05
   9.25419299e-05   9.90280747e-01]
[ 1.  0.  0.  0.  0.  0.]
[  5.46058536e-01   4.42507816e-03   4.51329077e-04   4.48375540e-05
   2.15468351e-02   4.27473336e-01]
[ 1.  0.  0.  0.  0.  0.]
[ 0.40702769  0.02977884  0.00913602  0.37630239  0.0055328   0.17222229]
[ 1.  0.  0.  0.  0.  0.]
check accuracy 0.9
[ 0.70283884  0.01016283  0.00146967  0.10882239  0.01462645  0.1620798 ]
[ 1.  0.  0.  0.  0.  0.]
[  4.17420051e-06   6.67819847e-07   7.61114549e-08   6.35125934e-06
   9.99981403e-01   7.29223439e-06]
[ 0.  0.  0.  0.  1.  0.]
[  2.98231617e-09   4.95059638e-08   1.00000000e+00   3.05090458e-12
   4.24507868e-12   3.78937116e-13]
[ 0.  0.  1.  0.  0.  0.]
[  6.03038025e-05   8.28314171e-07   2.89547391e-08   9.99905229e-01
   2.96070430e-05   4.04625689e-06]
[ 0.  0.  0.  1.  0.  0.]
[  1.21883986e-07   1.09188170e-09   5.82695489e-11   9.97214735e-01
   2.78515927e-03   6.17401075e-10]
[ 0.  0.  0.  1.  0.  0.]
[  5.13000176e-09   3.00395472e-11   4.74684209e-15   9.99999762e-01
   1.96506562e-07   2.13742826e-11]
[ 0.  0.  0.  1.  0.  0.]
[  9.89692126e-07   1.43178504e-05   9.99984384e-01   9.34865696e-08
   2.12337298e-07   2.92169471e-08]
[ 0.  0.  1.  0.  0.  0.]
[  6.41021295e-04   3.81863938e-04   1.66829414e-05   2.06713961e-03
   9.96824145e-01   6.92056710e-05]
[ 0.  0.  0.  0.  1.  0.]
[  9.87867594e-01   1.28882087e-03   2.52497484e-05   3.46879126e-04
   2.35216794e-04   1.02362633e-02]
[ 1.  0.  0.  0.  0.  0.]
[  7.20300307e-07   9.99999046e-01   4.14128936e-13   2.76873706e-08
   1.72730413e-10   1.88043714e-07]
[ 0.  1.  0.  0.  0.  0.]
[  1.63428400e-08   6.51731042e-08   9.99999881e-01   2.29422401e-11
   3.26534945e-11   3.25373430e-12]
[ 0.  0.  1.  0.  0.  0.]
[  2.98231617e-09   4.95059638e-08   1.00000000e+00   3.05090458e-12
   4.24507868e-12   3.78937116e-13]
[ 0.  0.  1.  0.  0.  0.]
[  6.55781152e-03   1.24645524e-03   4.47656203e-04   1.52627174e-02
   9.73093390e-01   3.39203025e-03]
[ 1.  0.  0.  0.  0.  0.]
[  1.04251209e-04   9.99703348e-01   3.96373944e-05   7.57082234e-05
   2.63390712e-06   7.43070777e-05]
[ 0.  1.  0.  0.  0.  0.]
[  2.67301500e-03   9.94280934e-01   4.50547168e-06   1.35575014e-03
   4.45086516e-05   1.64126849e-03]
[ 0.  1.  0.  0.  0.  0.]
[  5.93535462e-03   2.51863734e-03   7.10766390e-02   5.22523711e-04
   1.57154282e-03   9.18375313e-01]
[ 0.  0.  0.  0.  0.  1.]
[ 0.27983019  0.29564413  0.00398084  0.02911564  0.00363376  0.38779545]
[ 1.  0.  0.  0.  0.  0.]
[  1.19087381e-05   1.30380798e-07   8.00455049e-11   9.99987245e-01
   6.47641968e-07   1.35612979e-07]
[ 0.  0.  0.  1.  0.  0.]
[  7.43110850e-02   1.77801415e-01   8.62329092e-04   8.88205133e-04
   7.41353608e-04   7.45395660e-01]
[ 0.  0.  0.  0.  0.  1.]
[  1.00290599e-05   4.36858301e-08   6.52571486e-12   9.99989867e-01
   8.41779055e-08   4.05534166e-08]
[ 0.  0.  0.  1.  0.  0.]
check accuracy 0.95
[ 0.79441142  0.00394072  0.00133523  0.00447929  0.00350315  0.19233018]
[ 1.  0.  0.  0.  0.  0.]
[  1.63557215e-05   5.48592061e-06   2.81103394e-06   3.25915543e-08
   6.55370286e-07   9.99974608e-01]
[ 0.  0.  0.  0.  0.  1.]
[  9.26412567e-02   4.91255848e-03   1.58029038e-03   5.30615740e-04
   1.38561358e-03   8.98949623e-01]
[ 1.  0.  0.  0.  0.  0.]
[  2.44281928e-10   1.00000000e+00   3.65894493e-18   1.67927183e-11
   1.94648849e-15   2.13918258e-11]
[ 0.  1.  0.  0.  0.  0.]
[  5.16712771e-06   9.99953628e-01   6.71212730e-09   5.72078170e-06
   6.65003075e-09   3.55601733e-05]
[ 0.  1.  0.  0.  0.  0.]
[  1.10382326e-02   9.83704984e-01   2.55799728e-06   2.73549900e-04
   1.77358470e-05   4.96299285e-03]
[ 0.  1.  0.  0.  0.  0.]
[  3.55555049e-13   2.42236595e-11   5.51563980e-16   1.77249101e-11
   1.00000000e+00   1.22149461e-11]
[ 0.  0.  0.  0.  1.  0.]
[  1.82791337e-05   4.25718923e-07   4.20233803e-09   9.99969006e-01
   1.19794840e-05   3.65264640e-07]
[ 0.  0.  0.  1.  0.  0.]
[  4.80141351e-03   4.87204129e-03   2.94616143e-03   6.32352021e-05
   3.30949808e-03   9.84007657e-01]
[ 0.  0.  0.  0.  0.  1.]
[  9.97502744e-01   4.74358467e-06   5.32904831e-10   2.48426665e-03
   4.93307971e-06   3.27139310e-06]
[ 1.  0.  0.  0.  0.  0.]
[  1.24561861e-09   1.88669826e-08   1.00000000e+00   1.09788047e-12
   2.52802488e-12   1.47390821e-13]
[ 0.  0.  1.  0.  0.  0.]
[  1.78707400e-04   3.27231919e-06   2.84685029e-07   9.99062955e-01
   7.51620333e-04   3.22905203e-06]
[ 0.  0.  0.  1.  0.  0.]
[  1.57454318e-13   1.00000000e+00   9.45849432e-24   1.31396706e-14
   5.51979319e-21   1.33417727e-15]
[ 0.  1.  0.  0.  0.  0.]
[  9.82748091e-01   3.66104697e-03   2.35562897e-04   3.75692686e-03
   1.48420734e-03   8.11406132e-03]
[ 1.  0.  0.  0.  0.  0.]
[  6.65996680e-09   6.01065651e-08   9.76052433e-11   8.51668119e-06
   9.99991417e-01   1.16200682e-09]
[ 0.  0.  0.  0.  1.  0.]
[  1.20059114e-18   1.00000000e+00   1.41940864e-27   1.69373866e-17
   5.46211728e-25   1.67625463e-18]
[ 0.  1.  0.  0.  0.  0.]
[  5.12204715e-04   5.71811274e-02   1.26465943e-06   3.95275993e-06
   9.16248246e-06   9.42292273e-01]
[ 0.  0.  0.  0.  0.  1.]
[  9.99762595e-01   5.21058573e-05   1.93977172e-07   5.05274911e-05
   1.51234908e-05   1.19453747e-04]
[ 1.  0.  0.  0.  0.  0.]
[  1.32738687e-05   6.81556230e-06   2.03816214e-10   9.99979258e-01
   2.22952565e-07   3.48884356e-07]
[ 0.  0.  0.  1.  0.  0.]
[  8.20317538e-08   1.63257596e-07   1.91749971e-09   2.56653202e-05
   9.99974132e-01   3.38041062e-08]
[ 0.  0.  0.  0.  1.  0.]
check accuracy 0.95
[  9.99933839e-01   1.13176056e-05   6.27662144e-09   2.14017600e-05
   3.98928159e-06   2.94678903e-05]
[ 1.  0.  0.  0.  0.  0.]
[ 0.68340683  0.0034568   0.00996067  0.00201099  0.01475669  0.28640807]
[ 1.  0.  0.  0.  0.  0.]
[  1.04019776e-07   6.82144545e-08   3.48218086e-11   9.99985695e-01
   1.41573100e-05   4.09812984e-08]
[ 0.  0.  0.  1.  0.  0.]
[  2.05106161e-07   4.56858601e-07   9.99999285e-01   6.08872286e-10
   2.22148167e-09   6.27477903e-10]
[ 0.  0.  1.  0.  0.  0.]
[  9.99972701e-01   3.44905493e-06   5.74596584e-08   2.20496375e-07
   6.81534220e-06   1.67678736e-05]
[ 1.  0.  0.  0.  0.  0.]
[  9.89988506e-01   7.84982461e-03   3.01009351e-07   1.14802488e-05
   1.55371250e-04   1.99442520e-03]
[ 1.  0.  0.  0.  0.  0.]
[  2.86293143e-05   5.84961599e-05   9.99909639e-01   1.19448646e-06
   1.37834934e-06   5.55889983e-07]
[ 0.  0.  1.  0.  0.  0.]
[  5.72285848e-04   8.38543288e-04   9.96275067e-01   5.82404791e-05
   1.63228266e-04   2.09281780e-03]
[ 0.  0.  0.  0.  0.  1.]
[  3.84773663e-03   1.60769210e-04   1.27754509e-04   9.85203385e-01
   1.01444526e-02   5.15842461e-04]
[ 0.  0.  0.  1.  0.  0.]
[  8.98461440e-05   1.49495783e-04   8.35432274e-06   3.11527890e-03
   9.96567488e-01   6.94397677e-05]
[ 0.  0.  0.  0.  1.  0.]
[  1.47195271e-06   9.99998212e-01   5.82504487e-12   1.87471272e-07
   4.13880485e-10   1.59925548e-07]
[ 0.  1.  0.  0.  0.  0.]
[  2.13660969e-05   1.82503891e-06   2.72745274e-06   4.78177284e-08
   8.66216112e-07   9.99973178e-01]
[ 0.  0.  0.  0.  0.  1.]
[  1.02948499e-04   9.36100662e-07   1.60827892e-06   1.57358736e-04
   9.99732435e-01   4.62257776e-06]
[ 0.  0.  0.  0.  1.  0.]
[  9.99384522e-01   1.75189794e-04   1.55822434e-07   5.69918575e-06
   3.52242205e-06   4.30761604e-04]
[ 1.  0.  0.  0.  0.  0.]
[  3.47644044e-03   1.90540800e-06   1.32809486e-10   9.96506214e-01
   1.31692059e-06   1.41470809e-05]
[ 0.  0.  0.  1.  0.  0.]
[  1.09356918e-07   2.42497720e-07   9.99999642e-01   1.69813705e-10
   2.02049918e-10   8.50071125e-11]
[ 0.  0.  1.  0.  0.  0.]
[  2.06814497e-03   8.81814485e-05   1.65832680e-05   5.07076224e-03
   9.92708147e-01   4.81483730e-05]
[ 0.  0.  0.  0.  1.  0.]
[ 0.05475056  0.39330533  0.00120239  0.00365098  0.03596111  0.51112968]
[ 0.  0.  0.  0.  0.  1.]
[  1.44534372e-02   6.74503250e-03   9.77534056e-01   9.81531688e-04
   1.79864262e-04   1.06115971e-04]
[ 0.  0.  1.  0.  0.  0.]
[  9.78815436e-01   1.21099465e-02   1.15388011e-05   5.84707304e-04
   1.41262147e-03   7.06584658e-03]
[ 1.  0.  0.  0.  0.  0.]
check accuracy 0.9
[  9.52993810e-01   1.89712024e-04   4.37631024e-06   4.28907722e-02
   2.63076305e-04   3.65815242e-03]
[ 1.  0.  0.  0.  0.  0.]
[  2.77563322e-05   7.35708181e-06   9.99958873e-01   1.49458049e-06
   3.83056249e-06   5.79716641e-07]
[ 0.  0.  1.  0.  0.  0.]
[  6.49934411e-02   6.10467372e-03   3.08096828e-03   2.97202001e-04
   2.48750905e-03   9.23036277e-01]
[ 0.  0.  0.  0.  0.  1.]
[  9.99963522e-01   8.33755530e-06   2.98845926e-09   1.98710131e-05
   1.44785110e-06   6.79975074e-06]
[ 1.  0.  0.  0.  0.  0.]
[  2.34841253e-03   9.73560789e-04   9.43882525e-01   8.22580245e-04
   3.78432521e-03   4.81884554e-02]
[ 0.  0.  0.  0.  0.  1.]
[  6.87508661e-11   1.00000000e+00   2.81860017e-21   3.71024229e-13
   5.09022691e-09   8.09359578e-13]
[ 0.  1.  0.  0.  0.  0.]
[  1.05298825e-11   4.00396022e-10   1.00000000e+00   1.04215910e-14
   3.99651320e-14   1.74162912e-15]
[ 0.  0.  1.  0.  0.  0.]
[  1.23551567e-04   1.24462704e-05   1.27187275e-06   4.78035690e-05
   9.99760449e-01   5.44965333e-05]
[ 0.  0.  0.  0.  1.  0.]
[  5.13822073e-03   1.74591638e-04   5.79549533e-06   9.94144619e-01
   2.93055957e-04   2.43813978e-04]
[ 0.  0.  0.  1.  0.  0.]
[ 0.26798576  0.0034153   0.70847666  0.00283291  0.00123768  0.01605164]
[ 1.  0.  0.  0.  0.  0.]
[  2.61420467e-08   2.58812690e-07   9.99999762e-01   7.25731419e-11
   1.44981444e-10   2.06038450e-11]
[ 0.  0.  1.  0.  0.  0.]
[  2.94084288e-03   7.97321671e-04   2.52405716e-05   7.12433757e-05
   9.94339049e-01   1.82633149e-03]
[ 0.  0.  0.  0.  1.  0.]
[  2.98012001e-03   1.45049606e-04   2.02121300e-05   9.93823528e-01
   2.65055709e-03   3.80545855e-04]
[ 0.  0.  0.  1.  0.  0.]
[  2.93845062e-07   2.19355297e-06   9.99997497e-01   1.98694905e-09
   1.72956716e-09   5.81759640e-10]
[ 0.  0.  1.  0.  0.  0.]
[  4.56474088e-02   3.80379846e-03   2.74878251e-03   9.41182580e-03
   4.66681377e-04   9.37921524e-01]
[ 0.  0.  0.  0.  0.  1.]
[  3.06847581e-12   1.95299762e-10   1.02134902e-14   2.02461047e-06
   9.99997973e-01   4.72016632e-14]
[ 0.  0.  0.  0.  1.  0.]
[  3.06472788e-03   5.53059625e-03   1.61064218e-03   1.15737748e-04
   4.86050238e-04   9.89192188e-01]
[ 0.  0.  0.  0.  0.  1.]
[ 0.08057965  0.0038925   0.0066114   0.79423183  0.10311221  0.0115724 ]
[ 0.  0.  0.  1.  0.  0.]
[  3.29353352e-04   2.75261118e-04   4.62375116e-03   1.35956652e-04
   6.09841431e-04   9.94025826e-01]
[ 0.  0.  0.  0.  0.  1.]
[  2.38986445e-07   7.25975280e-10   1.61163841e-14   9.99999642e-01
   7.03934049e-08   3.49015095e-10]
[ 0.  0.  0.  1.  0.  0.]
check accuracy 0.7
[  9.17280093e-03   1.23684549e-05   3.18560751e-06   9.88943100e-01
   1.78402662e-03   8.45769973e-05]
[ 0.  0.  0.  1.  0.  0.]
[  6.73259571e-02   4.31262670e-05   8.53963229e-08   9.32534575e-01
   7.18362353e-05   2.45110514e-05]
[ 1.  0.  0.  0.  0.  0.]
[ 0.06160865  0.00463671  0.00930753  0.00108495  0.05001134  0.8733508 ]
[ 1.  0.  0.  0.  0.  0.]
[  1.88535196e-04   1.41622528e-04   2.39274450e-05   1.01938918e-02
   9.89369512e-01   8.24033486e-05]
[ 0.  0.  0.  0.  1.  0.]
[  9.21521664e-01   2.57538725e-03   6.81680590e-02   9.26854322e-04
   2.86623224e-04   6.52138703e-03]
[ 1.  0.  0.  0.  0.  0.]
[  2.88994797e-05   3.08618692e-05   9.99932289e-01   9.54171924e-07
   6.65407333e-06   3.86918458e-07]
[ 0.  0.  1.  0.  0.  0.]
[  2.86895152e-09   4.95691701e-08   1.00000000e+00   3.37108401e-12
   5.07763233e-12   3.87336322e-13]
[ 0.  0.  1.  0.  0.  0.]
[  9.99308944e-01   6.66594133e-05   1.63351490e-06   1.71066044e-04
   3.08632414e-04   1.42991557e-04]
[ 1.  0.  0.  0.  0.  0.]
[  1.21683713e-22   8.66947974e-23   1.24430289e-28   7.42696852e-18
   1.00000000e+00   9.05529583e-23]
[ 0.  0.  0.  0.  1.  0.]
[  3.49754298e-21   2.13272882e-19   8.48338244e-26   3.29368997e-12
   1.00000000e+00   1.70070649e-23]
[ 0.  0.  0.  0.  1.  0.]
[  5.19849497e-10   6.03729844e-10   2.31093654e-13   3.34840649e-07
   9.99999642e-01   2.10848474e-11]
[ 0.  0.  0.  0.  1.  0.]
[  4.71560434e-02   8.06567311e-01   3.68107226e-06   1.57816408e-04
   1.05211053e-04   1.46010011e-01]
[ 0.  0.  0.  0.  0.  1.]
[  1.45254147e-04   4.88064725e-05   2.68020949e-06   9.93248940e-01
   6.53974805e-03   1.45178037e-05]
[ 0.  0.  0.  1.  0.  0.]
[  4.99676498e-05   4.04980674e-04   7.60845433e-05   7.30907686e-07
   7.63974094e-05   9.99391794e-01]
[ 1.  0.  0.  0.  0.  0.]
[  8.97783935e-02   7.17751741e-01   3.29783419e-04   2.61478312e-03
   2.69346917e-03   1.86831921e-01]
[ 1.  0.  0.  0.  0.  0.]
[  2.63066539e-07   4.75453454e-10   4.59467100e-12   9.99991417e-01
   8.29288001e-06   6.70013656e-10]
[ 0.  0.  0.  1.  0.  0.]
[  9.99453485e-01   2.01436807e-04   3.96163756e-07   1.54132373e-04
   4.51244778e-05   1.45299418e-04]
[ 0.  0.  0.  1.  0.  0.]
[  3.43078995e-07   1.35485288e-06   9.99998331e-01   1.56098601e-09
   3.50685703e-09   8.19767199e-10]
[ 0.  0.  1.  0.  0.  0.]
[  1.42863172e-03   8.76903505e-06   5.06658125e-07   8.87864968e-04
   9.97304320e-01   3.69886751e-04]
[ 0.  0.  0.  0.  1.  0.]
[  2.20610043e-13   1.00000000e+00   2.01604827e-19   5.20446154e-13
   1.64753837e-16   1.66646888e-13]
[ 0.  1.  0.  0.  0.  0.]
check accuracy 0.9
[  4.60905130e-06   9.93932917e-06   9.99985218e-01   1.38779953e-07
   1.05468928e-07   1.80361752e-08]
[ 0.  0.  1.  0.  0.  0.]
[  5.30912985e-07   9.99998927e-01   2.97890462e-11   1.26640160e-07
   3.87234550e-10   5.31054297e-07]
[ 0.  1.  0.  0.  0.  0.]
[  2.38143434e-06   3.57122167e-06   9.99994040e-01   7.58613528e-09
   1.28165381e-08   8.76078143e-09]
[ 0.  0.  1.  0.  0.  0.]
[  9.84006584e-01   3.37632810e-04   2.71757926e-06   1.45718828e-02
   1.81545198e-04   8.99554696e-04]
[ 1.  0.  0.  0.  0.  0.]
[  2.88829711e-26   1.54099679e-24   8.22573202e-34   3.13214797e-24
   1.00000000e+00   2.83259324e-27]
[ 0.  0.  0.  0.  1.  0.]
[  2.14008201e-17   6.46123350e-18   1.43854140e-20   5.58530222e-15
   1.00000000e+00   1.62472037e-16]
[ 0.  0.  0.  0.  1.  0.]
[  2.49235521e-09   4.29959428e-08   1.00000000e+00   3.07283365e-12
   3.98751691e-12   2.54924147e-13]
[ 0.  0.  1.  0.  0.  0.]
[  9.73756908e-11   8.22729818e-12   2.39139814e-14   4.24629976e-09
   1.00000000e+00   3.18142665e-11]
[ 0.  0.  0.  0.  1.  0.]
[  5.27051918e-04   2.57214182e-04   9.99150276e-01   1.02100767e-05
   2.31454324e-05   3.21289190e-05]
[ 0.  0.  1.  0.  0.  0.]
[  2.89428446e-08   2.40478954e-07   9.99999762e-01   9.14257489e-11
   6.63807953e-10   1.55917224e-10]
[ 0.  0.  1.  0.  0.  0.]
[  6.10372808e-07   6.96583484e-08   1.31277367e-09   9.90444958e-01
   9.55431908e-03   2.45958880e-08]
[ 0.  0.  0.  1.  0.  0.]
[  1.17754324e-04   9.98827875e-01   3.18150967e-07   1.32256118e-05
   9.05298009e-07   1.03979360e-03]
[ 0.  0.  0.  0.  0.  1.]
[  2.17057186e-06   5.51373944e-07   4.98523534e-09   1.32602046e-03
   9.98671293e-01   4.62901646e-08]
[ 0.  0.  0.  0.  1.  0.]
[  7.48135801e-03   3.16909209e-05   1.81657978e-08   9.82681811e-01
   9.77287348e-03   3.22706328e-05]
[ 0.  0.  0.  1.  0.  0.]
[  3.69558961e-06   7.23993389e-06   5.18548234e-07   2.10318074e-04
   9.99775827e-01   2.44237003e-06]
[ 0.  0.  0.  0.  1.  0.]
[  3.69721167e-02   4.09790780e-03   3.48332594e-03   7.47113372e-04
   1.22377335e-03   9.53475714e-01]
[ 0.  0.  0.  0.  0.  1.]
[  1.24591155e-04   1.16712239e-03   7.32655371e-06   1.06500796e-04
   9.97966766e-01   6.27644069e-04]
[ 0.  0.  0.  0.  1.  0.]
[  5.02911804e-04   5.88963798e-04   9.97596204e-01   1.35568684e-04
   2.98509083e-04   8.77853134e-04]
[ 0.  0.  1.  0.  0.  0.]
[  3.00106965e-02   3.98077350e-03   6.06052927e-04   1.80644110e-01
   7.26721406e-01   5.80369420e-02]
[ 1.  0.  0.  0.  0.  0.]
[  3.42809763e-05   1.79234780e-06   1.78265136e-08   1.10242208e-05
   9.99950409e-01   2.49135883e-06]
[ 0.  0.  0.  0.  1.  0.]
check accuracy 0.9
[  2.45505980e-08   1.00000000e+00   1.16387714e-14   5.53886832e-11
   2.93261455e-13   5.45130385e-10]
[ 0.  1.  0.  0.  0.  0.]
[  7.65562390e-07   3.18168895e-06   9.99996066e-01   7.48452500e-09
   5.80980686e-09   4.58164262e-09]
[ 0.  0.  1.  0.  0.  0.]
[  9.97941315e-01   3.20913736e-04   6.52553354e-06   3.63428495e-04
   4.62512806e-04   9.05210734e-04]
[ 1.  0.  0.  0.  0.  0.]
[  6.11256692e-04   5.71446708e-06   2.72335088e-09   9.99371111e-01
   3.31702790e-06   8.62076558e-06]
[ 0.  0.  0.  1.  0.  0.]
[  8.28623772e-02   5.91250435e-02   5.06389129e-04   1.36733215e-04
   1.27807644e-03   8.56091380e-01]
[ 0.  0.  0.  0.  0.  1.]
[  1.22131678e-06   3.73361120e-09   3.75964504e-09   9.99309421e-01
   6.89362292e-04   2.73855498e-08]
[ 0.  0.  0.  1.  0.  0.]
[  2.27026467e-05   8.96503821e-07   5.58795810e-09   9.99938369e-01
   3.71370661e-05   8.23951666e-07]
[ 0.  0.  0.  1.  0.  0.]
[  6.38472199e-01   3.13087436e-03   2.74160557e-04   5.26599353e-04
   1.22954161e-03   3.56366634e-01]
[ 1.  0.  0.  0.  0.  0.]
[  4.73060844e-08   9.99999881e-01   2.72374675e-11   5.18909999e-08
   8.95864771e-11   7.25713249e-08]
[ 0.  1.  0.  0.  0.  0.]
[  9.85298276e-01   2.41154758e-03   3.82626604e-05   1.94183609e-03
   3.27838305e-03   7.03181466e-03]
[ 1.  0.  0.  0.  0.  0.]
[ 0.00348909  0.00256009  0.00100745  0.00149299  0.02729898  0.96415138]
[ 0.  0.  0.  0.  0.  1.]
[  4.84332485e-09   7.52809513e-08   9.99999881e-01   7.72608973e-12
   1.15694216e-11   9.25446460e-13]
[ 0.  0.  1.  0.  0.  0.]
[  8.37814715e-03   2.25881618e-02   1.10690575e-03   4.77512222e-04
   3.26444686e-04   9.67122853e-01]
[ 0.  0.  0.  0.  0.  1.]
[  3.16982507e-03   3.05746915e-03   8.11603725e-01   1.93216605e-04
   3.65754589e-03   1.78318232e-01]
[ 0.  0.  0.  0.  0.  1.]
[  5.04860545e-05   6.25601751e-05   9.99883413e-01   1.29042928e-06
   7.46406613e-07   1.58126284e-06]
[ 0.  0.  1.  0.  0.  0.]
[  9.74101007e-01   6.70929148e-04   1.45501352e-03   1.11791235e-03
   1.27941894e-03   2.13756617e-02]
[ 0.  0.  0.  1.  0.  0.]
[  3.07353184e-05   1.61913519e-07   7.57189755e-10   9.99964118e-01
   4.74478065e-06   2.90675189e-07]
[ 0.  0.  0.  1.  0.  0.]
[  7.50651743e-05   9.99902248e-01   1.08795398e-07   9.03321143e-06
   2.92332629e-07   1.31906982e-05]
[ 0.  1.  0.  0.  0.  0.]
[  1.75139618e-08   2.36046365e-08   1.81071588e-10   7.36318361e-06
   9.99992609e-01   5.32609468e-09]
[ 0.  0.  0.  0.  1.  0.]
[  8.10311178e-08   9.99999523e-01   1.73805796e-11   2.02627561e-07
   1.41649928e-10   1.25996223e-07]
[ 0.  1.  0.  0.  0.  0.]
check accuracy 0.95
[  3.06456684e-07   1.51793529e-08   3.08054797e-11   9.99996781e-01
   2.84457701e-06   9.93202764e-09]
[ 0.  0.  0.  1.  0.  0.]
[  2.72661794e-07   2.02070716e-08   3.61427138e-10   6.65085064e-03
   9.93348897e-01   1.39074752e-09]
[ 0.  0.  0.  1.  0.  0.]
[ 0.0492412   0.00187526  0.00297556  0.02354451  0.91928691  0.00307661]
[ 0.  0.  0.  0.  1.  0.]
[  1.52169057e-04   1.06852951e-06   9.48975920e-09   9.99782979e-01
   6.16017060e-05   2.09103405e-06]
[ 0.  0.  0.  1.  0.  0.]
[  2.61422858e-04   1.48455336e-04   1.98530852e-05   6.88746921e-04
   9.97575104e-01   1.30643381e-03]
[ 0.  0.  0.  0.  1.  0.]
[  5.17913823e-10   1.00000000e+00   6.10636888e-18   6.91602955e-11
   4.98115580e-14   3.16304649e-10]
[ 0.  1.  0.  0.  0.  0.]
[  4.37362530e-07   1.28032296e-08   9.62350269e-11   9.99992728e-01
   6.78733431e-06   1.24396244e-08]
[ 0.  0.  0.  1.  0.  0.]
[  2.23786983e-12   7.36040048e-12   2.80129762e-15   1.56046093e-10
   1.00000000e+00   1.08173811e-12]
[ 0.  0.  0.  0.  1.  0.]
[  9.23959315e-01   3.91853135e-03   6.78839715e-05   4.49223677e-03
   2.00684270e-04   6.73614144e-02]
[ 1.  0.  0.  0.  0.  0.]
[  1.29120920e-07   1.84835062e-06   9.99997973e-01   1.17735688e-09
   8.15106704e-10   8.41359205e-11]
[ 0.  0.  1.  0.  0.  0.]
[  6.56422781e-05   5.97889482e-07   2.99610008e-08   9.99834895e-01
   9.69875618e-05   1.84437124e-06]
[ 0.  0.  0.  1.  0.  0.]
[  6.31012608e-06   1.29023128e-05   9.99980330e-01   8.40915675e-08
   1.46164993e-07   2.69999902e-07]
[ 0.  0.  1.  0.  0.  0.]
[  1.96781382e-08   1.99260839e-07   9.99999762e-01   3.71371441e-11
   5.68939236e-11   1.12160134e-11]
[ 0.  0.  1.  0.  0.  0.]
[  3.05588874e-05   6.44109605e-05   9.99894977e-01   4.71676549e-06
   4.53443818e-06   6.76574928e-07]
[ 0.  0.  1.  0.  0.  0.]
[  1.68801583e-02   1.22922042e-03   2.39124129e-04   1.42302988e-02
   9.66084480e-01   1.33668794e-03]
[ 0.  0.  0.  0.  1.  0.]
[  2.56046569e-05   9.99951839e-01   2.43455389e-09   5.85980433e-06
   1.57425006e-07   1.66177888e-05]
[ 0.  1.  0.  0.  0.  0.]
[ 0.01294415  0.17447318  0.00193314  0.00099047  0.00588581  0.80377328]
[ 0.  0.  0.  0.  0.  1.]
[  9.90042645e-06   3.07687060e-06   1.11718883e-07   8.39591682e-01
   1.60394520e-01   6.81323286e-07]
[ 0.  0.  0.  1.  0.  0.]
[  9.99997020e-01   2.43221535e-07   2.37880687e-11   1.77411027e-06
   1.45999678e-07   8.07145852e-07]
[ 1.  0.  0.  0.  0.  0.]
[  2.34798422e-12   1.72802560e-12   5.58941266e-16   1.45423690e-11
   1.00000000e+00   6.76975967e-12]
[ 0.  0.  0.  0.  1.  0.]
