check accuracy 0.1
[ 0.09557004  0.04491327  0.15117998  0.01613025  0.4876385   0.20456792]
[ 1.  0.  0.  0.  0.  0.]
[ 0.09556998  0.04491333  0.1511804   0.01613026  0.48763865  0.20456733]
[ 0.  0.  0.  0.  0.  1.]
[ 0.09556971  0.04491347  0.15118146  0.01613024  0.48763752  0.20456761]
[ 0.  1.  0.  0.  0.  0.]
[ 0.09557001  0.0449132   0.15118021  0.01613023  0.4876385   0.20456794]
[ 1.  0.  0.  0.  0.  0.]
[ 0.09557009  0.04491339  0.15118034  0.01613029  0.48763809  0.2045678 ]
[ 0.  0.  0.  0.  1.  0.]
[ 0.09556969  0.04491367  0.151182    0.01613031  0.48763719  0.20456722]
[ 1.  0.  0.  0.  0.  0.]
[ 0.09557012  0.04491341  0.15118098  0.01613037  0.48763758  0.20456751]
[ 0.  1.  0.  0.  0.  0.]
[ 0.09557014  0.04491303  0.15117867  0.01613021  0.48763952  0.20456845]
[ 0.  0.  0.  1.  0.  0.]
[ 0.09556998  0.04491307  0.15117939  0.01613019  0.48763952  0.20456783]
[ 0.  0.  0.  0.  1.  0.]
[ 0.09557006  0.04491329  0.15118079  0.01613028  0.48763758  0.20456797]
[ 0.  0.  0.  1.  0.  0.]
[ 0.09556948  0.0449136   0.1511821   0.01613025  0.48763695  0.20456757]
[ 0.  0.  0.  1.  0.  0.]
[ 0.09557001  0.04491375  0.15118274  0.01613042  0.4876357   0.20456737]
[ 0.  0.  1.  0.  0.  0.]
[ 0.09556987  0.04491347  0.15118133  0.01613037  0.48763713  0.20456785]
[ 1.  0.  0.  0.  0.  0.]
[ 0.09557009  0.04491371  0.1511825   0.01613043  0.4876357   0.2045676 ]
[ 0.  0.  1.  0.  0.  0.]
[ 0.09556958  0.04491336  0.15118141  0.01613021  0.48763746  0.20456788]
[ 1.  0.  0.  0.  0.  0.]
[ 0.09556995  0.04491317  0.15117994  0.01613023  0.48763901  0.2045677 ]
[ 0.  0.  0.  1.  0.  0.]
[ 0.0955696   0.04491343  0.15118121  0.0161302   0.48763809  0.20456746]
[ 1.  0.  0.  0.  0.  0.]
[ 0.09556998  0.04491376  0.15118295  0.01613045  0.48763543  0.20456742]
[ 0.  0.  1.  0.  0.  0.]
[ 0.09556975  0.04491379  0.15118305  0.01613042  0.48763567  0.2045673 ]
[ 0.  0.  1.  0.  0.  0.]
[ 0.09556966  0.04491345  0.15118161  0.01613026  0.48763719  0.20456786]
[ 0.  0.  0.  1.  0.  0.]
check accuracy 0.1
[ 0.09557015  0.04491375  0.15118277  0.01613044  0.48763537  0.20456745]
[ 0.  0.  1.  0.  0.  0.]
[ 0.09557004  0.04491363  0.15118234  0.01613037  0.48763582  0.2045678 ]
[ 0.  0.  1.  0.  0.  0.]
[ 0.09556993  0.0449134   0.15118106  0.01613023  0.4876377   0.20456769]
[ 0.  1.  0.  0.  0.  0.]
[ 0.09556907  0.0449135   0.15118223  0.01613012  0.48763815  0.20456694]
[ 0.  0.  0.  0.  1.  0.]
[ 0.0955701   0.04491292  0.15117811  0.01613007  0.48764059  0.20456821]
[ 0.  0.  0.  1.  0.  0.]
[ 0.09556974  0.04491342  0.15118153  0.01613023  0.48763719  0.20456795]
[ 1.  0.  0.  0.  0.  0.]
[ 0.09557031  0.04491336  0.15118048  0.0161302   0.48763725  0.20456842]
[ 0.  0.  0.  1.  0.  0.]
[ 0.09557012  0.04491371  0.1511829   0.01613046  0.4876352   0.20456752]
[ 0.  0.  1.  0.  0.  0.]
[ 0.09556907  0.04491335  0.15118162  0.01613014  0.48763865  0.20456712]
[ 1.  0.  0.  0.  0.  0.]
[ 0.0955698   0.04491335  0.15118115  0.01613023  0.48763794  0.20456758]
[ 0.  1.  0.  0.  0.  0.]
[ 0.09556978  0.04491327  0.15118112  0.01613028  0.48763758  0.20456794]
[ 1.  0.  0.  0.  0.  0.]
[ 0.09556974  0.04491293  0.15118019  0.01613013  0.48763889  0.20456815]
[ 0.  0.  0.  1.  0.  0.]
[ 0.09557043  0.0449132   0.15118051  0.01613044  0.48763719  0.20456822]
[ 0.  0.  0.  0.  0.  1.]
[ 0.09556995  0.04491345  0.15118115  0.01613031  0.48763737  0.20456779]
[ 0.  1.  0.  0.  0.  0.]
[ 0.09556983  0.04491372  0.15118268  0.0161304   0.48763588  0.20456745]
[ 0.  0.  1.  0.  0.  0.]
[ 0.09556987  0.04491356  0.15118189  0.01613031  0.48763674  0.20456763]
[ 0.  0.  0.  0.  0.  1.]
[ 0.09556992  0.04491306  0.15117939  0.01613021  0.48763922  0.20456807]
[ 0.  0.  0.  0.  1.  0.]
[ 0.0955699   0.04491373  0.15118279  0.0161304   0.48763567  0.20456757]
[ 0.  0.  1.  0.  0.  0.]
[ 0.09557002  0.04491363  0.15118243  0.01613045  0.48763576  0.20456766]
[ 0.  0.  1.  0.  0.  0.]
[ 0.09556978  0.04491359  0.15118267  0.01613033  0.48763639  0.20456727]
[ 0.  0.  1.  0.  0.  0.]
check accuracy 0.25
[ 0.09556972  0.04491347  0.15118158  0.01613035  0.48763701  0.2045678 ]
[ 0.  1.  0.  0.  0.  0.]
[ 0.09556942  0.04491321  0.15118125  0.0161302   0.48763815  0.20456775]
[ 0.  0.  0.  1.  0.  0.]
[ 0.09556997  0.04491379  0.15118301  0.01613045  0.48763549  0.20456739]
[ 0.  0.  1.  0.  0.  0.]
[ 0.09557039  0.04491337  0.15118003  0.01613022  0.48763809  0.20456794]
[ 0.  1.  0.  0.  0.  0.]
[ 0.09557003  0.04491344  0.15118127  0.01613026  0.48763683  0.2045681 ]
[ 0.  0.  0.  1.  0.  0.]
[ 0.09557016  0.0449134   0.15118042  0.01613034  0.48763752  0.20456812]
[ 0.  1.  0.  0.  0.  0.]
[ 0.09556988  0.04491281  0.15117933  0.01613018  0.48763978  0.20456792]
[ 0.  0.  0.  0.  1.  0.]
[ 0.09556981  0.04491322  0.151181    0.01613024  0.48763794  0.20456782]
[ 0.  0.  0.  0.  1.  0.]
[ 0.09557021  0.04491356  0.15118155  0.01613026  0.48763663  0.20456786]
[ 0.  0.  0.  0.  0.  1.]
[ 0.09557015  0.04491297  0.15117911  0.01613026  0.48763895  0.20456851]
[ 0.  0.  0.  1.  0.  0.]
[ 0.09556969  0.04491314  0.15118031  0.01613024  0.48763838  0.20456821]
[ 0.  0.  0.  1.  0.  0.]
[ 0.09556989  0.04491341  0.15118025  0.01613022  0.48763844  0.20456776]
[ 0.  0.  0.  0.  1.  0.]
[ 0.09557007  0.04491355  0.15118183  0.01613035  0.48763645  0.20456769]
[ 0.  0.  0.  0.  0.  1.]
[ 0.09556976  0.04491325  0.15118009  0.01613009  0.48763916  0.20456757]
[ 0.  0.  0.  0.  1.  0.]
[ 0.09557004  0.04491346  0.15118153  0.01613034  0.48763689  0.20456779]
[ 0.  0.  0.  0.  0.  1.]
[ 0.09557012  0.0449135   0.1511811   0.01613032  0.48763707  0.20456791]
[ 0.  0.  0.  0.  1.  0.]
[ 0.09556994  0.04491348  0.15118161  0.01613027  0.48763669  0.20456804]
[ 0.  1.  0.  0.  0.  0.]
[ 0.09556991  0.04491359  0.1511821   0.01613037  0.48763651  0.20456752]
[ 0.  0.  0.  0.  0.  1.]
[ 0.09557001  0.0449137   0.15118279  0.01613047  0.48763555  0.20456752]
[ 0.  0.  1.  0.  0.  0.]
[ 0.09557008  0.04491325  0.15118021  0.01613021  0.48763803  0.20456813]
[ 0.  1.  0.  0.  0.  0.]
check accuracy 0.1
[ 0.09556948  0.04491329  0.15118138  0.01613032  0.48763788  0.20456767]
[ 1.  0.  0.  0.  0.  0.]
[ 0.09556976  0.04491355  0.15118122  0.01613027  0.48763731  0.20456786]
[ 1.  0.  0.  0.  0.  0.]
[ 0.09556977  0.04491337  0.15118095  0.0161302   0.48763794  0.20456779]
[ 1.  0.  0.  0.  0.  0.]
[ 0.09557012  0.04491317  0.15117975  0.01613018  0.4876385   0.20456828]
[ 0.  0.  0.  0.  1.  0.]
[ 0.09556983  0.0449136   0.15118214  0.01613035  0.48763651  0.20456752]
[ 0.  0.  0.  0.  0.  1.]
[ 0.09557013  0.04491374  0.15118274  0.01613044  0.48763561  0.20456736]
[ 0.  0.  1.  0.  0.  0.]
[ 0.09557004  0.04491379  0.15118293  0.01613047  0.48763531  0.20456748]
[ 0.  0.  1.  0.  0.  0.]
[ 0.09557     0.04491356  0.15118277  0.01613045  0.48763537  0.20456788]
[ 0.  0.  1.  0.  0.  0.]
[ 0.09556991  0.04491322  0.15118028  0.0161301   0.48763889  0.20456758]
[ 1.  0.  0.  0.  0.  0.]
[ 0.09556995  0.04491368  0.15118286  0.01613044  0.48763567  0.20456742]
[ 0.  0.  1.  0.  0.  0.]
[ 0.0955703   0.04491292  0.15117887  0.01613029  0.48763958  0.20456804]
[ 0.  0.  0.  0.  1.  0.]
[ 0.09556968  0.0449133   0.15118125  0.01613027  0.4876377   0.2045678 ]
[ 1.  0.  0.  0.  0.  0.]
[ 0.09557009  0.04491331  0.15118109  0.01613035  0.48763663  0.20456846]
[ 0.  1.  0.  0.  0.  0.]
[ 0.09556981  0.04491335  0.15118159  0.01613029  0.48763746  0.20456742]
[ 1.  0.  0.  0.  0.  0.]
[ 0.09556971  0.04491312  0.15118007  0.01613017  0.48763907  0.20456794]
[ 0.  0.  0.  0.  0.  1.]
[ 0.09557027  0.04491316  0.15118013  0.01613022  0.48763794  0.20456837]
[ 0.  1.  0.  0.  0.  0.]
[ 0.09556966  0.0449137   0.15118301  0.0161304   0.48763567  0.20456757]
[ 0.  0.  1.  0.  0.  0.]
[ 0.09557027  0.04491344  0.1511813   0.01613033  0.48763651  0.20456807]
[ 0.  0.  0.  0.  0.  1.]
[ 0.09556951  0.04491344  0.15118141  0.0161303   0.48763758  0.20456772]
[ 0.  0.  0.  1.  0.  0.]
[ 0.09557007  0.04491379  0.15118292  0.01613045  0.48763531  0.20456752]
[ 0.  0.  1.  0.  0.  0.]
check accuracy 0.1
[ 0.09556997  0.04491366  0.15118282  0.01613045  0.48763561  0.20456755]
[ 0.  0.  1.  0.  0.  0.]
[ 0.09556998  0.04491373  0.15118265  0.01613039  0.48763588  0.2045674 ]
[ 0.  0.  1.  0.  0.  0.]
[ 0.09556974  0.04491354  0.15118182  0.01613034  0.48763713  0.20456745]
[ 0.  0.  0.  0.  0.  1.]
[ 0.09557001  0.04491376  0.15118271  0.01613042  0.48763576  0.20456734]
[ 0.  0.  1.  0.  0.  0.]
[ 0.09557     0.04491353  0.15118159  0.01613032  0.48763713  0.20456745]
[ 0.  0.  0.  0.  0.  1.]
[ 0.09557045  0.04491293  0.15117902  0.01613026  0.48763895  0.20456845]
[ 0.  0.  0.  0.  1.  0.]
[ 0.09557009  0.04491293  0.15117902  0.01613014  0.4876397   0.20456816]
[ 0.  0.  0.  1.  0.  0.]
[ 0.09556988  0.04491352  0.15118106  0.01613029  0.48763731  0.20456792]
[ 0.  0.  0.  1.  0.  0.]
[ 0.09557004  0.0449133   0.1511801   0.01613027  0.4876385   0.2045678 ]
[ 0.  0.  0.  0.  0.  1.]
[ 0.09557021  0.04491327  0.15118013  0.01613028  0.48763752  0.20456854]
[ 1.  0.  0.  0.  0.  0.]
[ 0.09556975  0.04491347  0.15118124  0.01613025  0.48763809  0.20456725]
[ 0.  1.  0.  0.  0.  0.]
[ 0.09556957  0.0449134   0.15118188  0.01613028  0.48763674  0.20456812]
[ 0.  0.  0.  0.  0.  1.]
[ 0.09557001  0.04491353  0.15118155  0.01613039  0.48763695  0.20456755]
[ 0.  0.  0.  0.  0.  1.]
[ 0.09556962  0.04491354  0.1511824   0.01613029  0.48763719  0.20456704]
[ 1.  0.  0.  0.  0.  0.]
[ 0.0955703   0.04491324  0.15117925  0.01613018  0.48763901  0.20456803]
[ 0.  0.  0.  0.  1.  0.]
[ 0.09557012  0.0449132   0.15118031  0.01613033  0.487638    0.20456807]
[ 0.  0.  0.  0.  0.  1.]
[ 0.09557004  0.04491323  0.15118036  0.01613023  0.48763809  0.20456798]
[ 0.  1.  0.  0.  0.  0.]
[ 0.09557011  0.04491375  0.15118273  0.01613044  0.48763549  0.20456739]
[ 0.  0.  1.  0.  0.  0.]
[ 0.09556936  0.0449134   0.15118197  0.01613032  0.4876377   0.20456719]
[ 1.  0.  0.  0.  0.  0.]
[ 0.09557026  0.0449136   0.15118179  0.01613041  0.48763627  0.2045677 ]
[ 0.  0.  0.  0.  0.  1.]
check accuracy 0.15
[ 0.09557004  0.04491289  0.151179    0.01613024  0.48763907  0.20456882]
[ 0.  0.  0.  0.  1.  0.]
[ 0.09556989  0.04491313  0.15118115  0.01613033  0.487638    0.20456761]
[ 1.  0.  0.  0.  0.  0.]
[ 0.09557006  0.04491352  0.15118179  0.01613032  0.48763674  0.20456769]
[ 0.  1.  0.  0.  0.  0.]
[ 0.09556997  0.04491299  0.15117902  0.01613015  0.48763978  0.20456803]
[ 0.  0.  0.  0.  1.  0.]
[ 0.09557021  0.0449135   0.15118177  0.01613036  0.48763669  0.20456743]
[ 0.  0.  0.  0.  0.  1.]
[ 0.09557036  0.04491303  0.15117882  0.01613018  0.48763973  0.20456782]
[ 0.  0.  0.  1.  0.  0.]
[ 0.09556998  0.0449133   0.15118018  0.01613016  0.48763821  0.20456809]
[ 1.  0.  0.  0.  0.  0.]
[ 0.0955697   0.04491368  0.15118296  0.01613043  0.48763561  0.20456761]
[ 0.  0.  1.  0.  0.  0.]
[ 0.09556992  0.04491327  0.15118136  0.01613028  0.48763689  0.20456831]
[ 1.  0.  0.  0.  0.  0.]
[ 0.09556998  0.04491339  0.15118076  0.01613017  0.48763877  0.2045669 ]
[ 1.  0.  0.  0.  0.  0.]
[ 0.09556965  0.04491361  0.15118127  0.01613028  0.48763803  0.20456713]
[ 0.  1.  0.  0.  0.  0.]
[ 0.09557001  0.04491377  0.15118289  0.01613045  0.48763549  0.20456739]
[ 0.  0.  1.  0.  0.  0.]
[ 0.09557     0.04491312  0.15117981  0.01613021  0.48763934  0.20456752]
[ 0.  0.  0.  1.  0.  0.]
[ 0.09557     0.04491325  0.15118021  0.01613023  0.48763776  0.20456855]
[ 0.  1.  0.  0.  0.  0.]
[ 0.0955698   0.04491308  0.15118036  0.01613026  0.4876377   0.20456885]
[ 0.  0.  0.  1.  0.  0.]
[ 0.09556993  0.04491377  0.15118292  0.01613046  0.4876357   0.20456721]
[ 0.  0.  1.  0.  0.  0.]
[ 0.09556971  0.04491322  0.15118045  0.01613019  0.48763889  0.20456763]
[ 0.  1.  0.  0.  0.  0.]
[ 0.09557029  0.04491348  0.15118188  0.01613038  0.48763624  0.2045678 ]
[ 0.  1.  0.  0.  0.  0.]
[ 0.0955701   0.04491308  0.15117887  0.01613017  0.48763964  0.20456818]
[ 0.  0.  0.  0.  1.  0.]
[ 0.09557033  0.04491355  0.15118174  0.01613043  0.48763639  0.20456748]
[ 0.  1.  0.  0.  0.  0.]
check accuracy 0.1
[ 0.09556986  0.04491326  0.15118097  0.01613022  0.48763743  0.20456821]
[ 1.  0.  0.  0.  0.  0.]
[ 0.09557015  0.0449134   0.15118095  0.01613036  0.48763713  0.20456797]
[ 1.  0.  0.  0.  0.  0.]
[ 0.09556987  0.04491334  0.15117972  0.01613019  0.48763907  0.20456786]
[ 0.  1.  0.  0.  0.  0.]
[ 0.09556963  0.04491311  0.15118103  0.01613013  0.48763826  0.20456778]
[ 0.  0.  0.  1.  0.  0.]
[ 0.09557027  0.044913    0.1511787   0.01613027  0.4876394   0.20456837]
[ 0.  0.  0.  1.  0.  0.]
[ 0.09556979  0.04491324  0.15118068  0.0161302   0.48763877  0.20456727]
[ 0.  0.  0.  0.  1.  0.]
[ 0.0955698   0.04491352  0.15118122  0.01613026  0.48763788  0.20456733]
[ 0.  1.  0.  0.  0.  0.]
[ 0.09557004  0.04491377  0.1511827   0.0161304   0.4876357   0.20456733]
[ 0.  0.  1.  0.  0.  0.]
[ 0.09557018  0.04491373  0.15118253  0.01613045  0.48763543  0.20456764]
[ 0.  0.  1.  0.  0.  0.]
[ 0.0955699   0.04491333  0.15118033  0.01613022  0.48763838  0.2045678 ]
[ 0.  1.  0.  0.  0.  0.]
[ 0.09557023  0.04491371  0.1511824   0.01613039  0.487636    0.20456734]
[ 0.  0.  1.  0.  0.  0.]
[ 0.09556992  0.04491295  0.15117905  0.01613011  0.48764071  0.20456731]
[ 0.  0.  0.  1.  0.  0.]
[ 0.09556986  0.0449132   0.15117967  0.01613025  0.48763907  0.20456801]
[ 0.  0.  0.  0.  1.  0.]
[ 0.0955698   0.04491345  0.15118143  0.01613032  0.48763737  0.20456763]
[ 0.  0.  0.  0.  0.  1.]
[ 0.09556958  0.04491333  0.15118054  0.01613021  0.48763856  0.20456775]
[ 0.  1.  0.  0.  0.  0.]
[ 0.09557021  0.04491359  0.15118156  0.01613037  0.48763663  0.20456764]
[ 0.  0.  0.  0.  0.  1.]
[ 0.09557024  0.04491341  0.1511814   0.01613043  0.48763674  0.2045678 ]
[ 0.  1.  0.  0.  0.  0.]
[ 0.0955698   0.04491354  0.15118189  0.01613029  0.48763651  0.20456792]
[ 1.  0.  0.  0.  0.  0.]
[ 0.09556957  0.0449136   0.15118238  0.01613034  0.48763651  0.20456755]
[ 1.  0.  0.  0.  0.  0.]
[ 0.09557032  0.04491355  0.15118177  0.01613049  0.48763594  0.20456786]
[ 0.  0.  0.  0.  0.  1.]
check accuracy 0.2
[ 0.09557013  0.04491374  0.15118277  0.01613045  0.48763561  0.20456734]
[ 0.  0.  1.  0.  0.  0.]
[ 0.09557035  0.04491302  0.15117875  0.01613018  0.48763964  0.20456807]
[ 0.  0.  0.  0.  1.  0.]
[ 0.09556931  0.04491336  0.15118162  0.01613024  0.48763746  0.204568  ]
[ 0.  1.  0.  0.  0.  0.]
[ 0.09556941  0.04491327  0.15118143  0.01613021  0.48763826  0.20456746]
[ 1.  0.  0.  0.  0.  0.]
[ 0.09556962  0.04491276  0.15117903  0.0161301   0.48764002  0.20456842]
[ 0.  0.  0.  1.  0.  0.]
[ 0.09557012  0.04491363  0.15118225  0.01613044  0.48763576  0.20456782]
[ 0.  1.  0.  0.  0.  0.]
[ 0.09556939  0.04491317  0.15118119  0.01613013  0.48763865  0.20456743]
[ 0.  0.  0.  1.  0.  0.]
[ 0.09556979  0.04491375  0.15118292  0.01613041  0.48763561  0.2045676 ]
[ 0.  0.  1.  0.  0.  0.]
[ 0.09556983  0.044913    0.15117949  0.01613001  0.4876399   0.2045677 ]
[ 0.  0.  0.  1.  0.  0.]
[ 0.09556982  0.04491362  0.15118223  0.01613038  0.48763657  0.20456734]
[ 0.  0.  1.  0.  0.  0.]
[ 0.0955703   0.04491302  0.15117882  0.01613023  0.48763901  0.20456858]
[ 0.  0.  0.  0.  1.  0.]
[ 0.09557014  0.04491353  0.15118128  0.0161303   0.48763707  0.20456764]
[ 0.  0.  0.  0.  0.  1.]
[ 0.09557009  0.04491371  0.1511825   0.01613043  0.4876357   0.2045676 ]
[ 0.  0.  1.  0.  0.  0.]
[ 0.09557001  0.04491374  0.15118243  0.01613036  0.48763633  0.20456715]
[ 0.  0.  1.  0.  0.  0.]
[ 0.09557024  0.04491372  0.15118241  0.01613047  0.48763549  0.20456766]
[ 0.  0.  1.  0.  0.  0.]
[ 0.09557006  0.04491301  0.15117912  0.01613017  0.48763952  0.20456806]
[ 0.  0.  0.  0.  1.  0.]
[ 0.09556939  0.04491322  0.15118037  0.01613014  0.48763916  0.20456766]
[ 0.  0.  0.  0.  1.  0.]
[ 0.09556985  0.0449134   0.15118082  0.01613025  0.48763821  0.20456746]
[ 0.  0.  0.  1.  0.  0.]
[ 0.09556986  0.04491356  0.15118228  0.01613039  0.487636    0.20456786]
[ 0.  0.  1.  0.  0.  0.]
[ 0.09557031  0.04491351  0.15118177  0.0161304   0.48763618  0.20456788]
[ 0.  0.  0.  0.  0.  1.]
check accuracy 0.15
[ 0.09556973  0.04491298  0.15117934  0.01613018  0.48763928  0.20456848]
[ 0.  0.  0.  1.  0.  0.]
[ 0.09557036  0.04491331  0.15117992  0.01613027  0.48763803  0.20456801]
[ 0.  0.  0.  0.  0.  1.]
[ 0.09556975  0.04491352  0.15118204  0.01613033  0.4876368   0.2045676 ]
[ 0.  0.  1.  0.  0.  0.]
[ 0.09557012  0.04491336  0.15118127  0.01613036  0.48763776  0.20456712]
[ 0.  0.  0.  0.  1.  0.]
[ 0.09556911  0.04491329  0.1511811   0.01613017  0.48763877  0.20456754]
[ 1.  0.  0.  0.  0.  0.]
[ 0.09556933  0.04491311  0.15118057  0.01613014  0.48764002  0.20456679]
[ 0.  0.  0.  1.  0.  0.]
[ 0.09556983  0.04491294  0.15117987  0.01613027  0.48763907  0.204568  ]
[ 0.  0.  0.  1.  0.  0.]
[ 0.09556902  0.04491324  0.15118188  0.01613017  0.487638    0.20456779]
[ 1.  0.  0.  0.  0.  0.]
[ 0.09556968  0.04491341  0.15118171  0.01613029  0.48763731  0.2045676 ]
[ 0.  0.  0.  0.  0.  1.]
[ 0.09557033  0.04491299  0.15117878  0.0161302   0.48763934  0.2045684 ]
[ 0.  0.  0.  0.  1.  0.]
[ 0.0955699   0.04491368  0.15118273  0.0161304   0.48763606  0.20456727]
[ 0.  0.  1.  0.  0.  0.]
[ 0.09557001  0.04491325  0.15118046  0.01613021  0.487638    0.20456812]
[ 0.  0.  0.  1.  0.  0.]
[ 0.0955698   0.0449132   0.15118085  0.01613024  0.48763794  0.20456798]
[ 1.  0.  0.  0.  0.  0.]
[ 0.09557009  0.0449133   0.15118015  0.01613025  0.48763832  0.20456785]
[ 1.  0.  0.  0.  0.  0.]
[ 0.09556998  0.04491368  0.15118265  0.01613042  0.48763588  0.20456736]
[ 0.  0.  1.  0.  0.  0.]
[ 0.09557027  0.04491296  0.15117913  0.0161303   0.48763901  0.20456833]
[ 0.  0.  0.  0.  1.  0.]
[ 0.09557019  0.04491346  0.15118113  0.01613031  0.48763719  0.20456767]
[ 0.  1.  0.  0.  0.  0.]
[ 0.09557001  0.04491297  0.15117905  0.0161301   0.48764008  0.20456772]
[ 0.  0.  0.  1.  0.  0.]
[ 0.09557004  0.04491375  0.15118288  0.01613046  0.48763543  0.20456752]
[ 0.  0.  1.  0.  0.  0.]
[ 0.09557006  0.04491348  0.15118086  0.01613025  0.48763764  0.20456767]
[ 0.  1.  0.  0.  0.  0.]
check accuracy 0.05
[ 0.09556996  0.04491372  0.15118298  0.01613045  0.48763537  0.20456745]
[ 0.  0.  1.  0.  0.  0.]
[ 0.09556972  0.0449133   0.15118107  0.01613024  0.48763788  0.20456783]
[ 1.  0.  0.  0.  0.  0.]
[ 0.09557001  0.04491311  0.15118143  0.01613031  0.48763701  0.2045681 ]
[ 1.  0.  0.  0.  0.  0.]
[ 0.0955698   0.04491337  0.15118073  0.01613026  0.48763832  0.20456758]
[ 0.  1.  0.  0.  0.  0.]
[ 0.09557027  0.04491356  0.15118119  0.01613031  0.48763713  0.20456758]
[ 0.  0.  0.  0.  0.  1.]
[ 0.09557007  0.04491301  0.15117928  0.01613027  0.48763889  0.20456845]
[ 0.  0.  0.  0.  1.  0.]
[ 0.09557005  0.04491336  0.15118039  0.01613025  0.48763844  0.20456751]
[ 0.  0.  0.  0.  0.  1.]
[ 0.09556993  0.04491337  0.1511811   0.01613022  0.48763752  0.20456783]
[ 1.  0.  0.  0.  0.  0.]
[ 0.09556981  0.04491367  0.1511822   0.01613032  0.48763606  0.20456789]
[ 0.  0.  0.  0.  0.  1.]
[ 0.09557024  0.04491332  0.15118043  0.01613043  0.48763701  0.20456851]
[ 0.  1.  0.  0.  0.  0.]
[ 0.09556995  0.04491353  0.15118217  0.01613044  0.48763639  0.20456748]
[ 0.  1.  0.  0.  0.  0.]
[ 0.09557009  0.04491378  0.15118262  0.01613043  0.4876357   0.20456737]
[ 0.  0.  1.  0.  0.  0.]
[ 0.09556985  0.04491355  0.15118234  0.01613035  0.48763663  0.20456737]
[ 0.  0.  0.  0.  0.  1.]
[ 0.09556981  0.04491365  0.15118217  0.01613035  0.48763639  0.20456758]
[ 0.  0.  0.  0.  0.  1.]
[ 0.09557011  0.04491334  0.15118034  0.01613024  0.48763803  0.20456794]
[ 0.  0.  0.  1.  0.  0.]
[ 0.09557004  0.04491324  0.15117952  0.01613007  0.48763958  0.20456755]
[ 1.  0.  0.  0.  0.  0.]
[ 0.09556964  0.04491344  0.15118144  0.01613028  0.48763782  0.20456734]
[ 1.  0.  0.  0.  0.  0.]
[ 0.09556991  0.04491372  0.15118271  0.0161304   0.48763549  0.20456782]
[ 0.  0.  1.  0.  0.  0.]
[ 0.09556965  0.04491319  0.15118098  0.01613021  0.48763794  0.20456801]
[ 1.  0.  0.  0.  0.  0.]
[ 0.09556969  0.04491322  0.15118068  0.01613017  0.4876385   0.20456776]
[ 0.  0.  0.  1.  0.  0.]
check accuracy 0.1
[ 0.09556991  0.04491356  0.15118195  0.01613035  0.48763624  0.20456797]
[ 0.  0.  0.  0.  0.  1.]
[ 0.09557018  0.04491298  0.15117909  0.01613024  0.48763958  0.20456788]
[ 0.  0.  0.  1.  0.  0.]
[ 0.09556956  0.04491298  0.15117976  0.01613014  0.48764014  0.20456742]
[ 0.  0.  0.  1.  0.  0.]
[ 0.0955699   0.04491355  0.15118216  0.01613037  0.48763633  0.20456764]
[ 0.  1.  0.  0.  0.  0.]
[ 0.09556933  0.04491329  0.15118091  0.01613007  0.48763922  0.20456715]
[ 1.  0.  0.  0.  0.  0.]
[ 0.0955697   0.04491368  0.15118296  0.01613043  0.48763561  0.20456761]
[ 0.  0.  1.  0.  0.  0.]
[ 0.09556958  0.04491309  0.15118095  0.01613026  0.4876377   0.20456837]
[ 0.  1.  0.  0.  0.  0.]
[ 0.0955696   0.04491333  0.15118043  0.01613015  0.48763901  0.20456743]
[ 1.  0.  0.  0.  0.  0.]
[ 0.09556919  0.04491307  0.15118028  0.01613002  0.48763907  0.2045684 ]
[ 0.  0.  0.  1.  0.  0.]
[ 0.09557062  0.04491299  0.15117848  0.01613026  0.48763913  0.20456852]
[ 0.  0.  0.  0.  1.  0.]
[ 0.09557007  0.04491344  0.15118085  0.0161304   0.48763695  0.20456827]
[ 0.  0.  0.  0.  0.  1.]
[ 0.0955697   0.04491369  0.15118274  0.01613036  0.48763606  0.20456751]
[ 0.  0.  0.  0.  0.  1.]
[ 0.09556992  0.04491355  0.15118194  0.01613035  0.48763651  0.20456778]
[ 0.  0.  0.  1.  0.  0.]
[ 0.09556985  0.04491328  0.15118019  0.01613021  0.48763815  0.20456828]
[ 0.  0.  0.  1.  0.  0.]
[ 0.09557001  0.04491336  0.15118054  0.01613032  0.48763788  0.20456789]
[ 0.  0.  0.  0.  0.  1.]
[ 0.09557003  0.04491355  0.15118185  0.01613037  0.48763674  0.20456742]
[ 0.  0.  0.  0.  0.  1.]
[ 0.09556978  0.04491366  0.15118223  0.01613036  0.48763683  0.20456712]
[ 0.  0.  0.  0.  0.  1.]
[ 0.09556989  0.04491305  0.15117966  0.01613019  0.4876397   0.20456755]
[ 0.  0.  0.  1.  0.  0.]
[ 0.09556989  0.04491338  0.15118119  0.01613032  0.48763752  0.2045677 ]
[ 0.  1.  0.  0.  0.  0.]
[ 0.09557006  0.04491301  0.15117912  0.01613017  0.48763952  0.20456806]
[ 0.  0.  0.  0.  1.  0.]
check accuracy 0.15
[ 0.09556991  0.04491316  0.15118092  0.01613027  0.48763809  0.20456764]
[ 1.  0.  0.  0.  0.  0.]
[ 0.09556962  0.04491293  0.15117921  0.01613004  0.48764026  0.20456794]
[ 0.  0.  0.  1.  0.  0.]
[ 0.09556892  0.0449135   0.15118253  0.01613024  0.48763776  0.20456712]
[ 1.  0.  0.  0.  0.  0.]
[ 0.09556983  0.04491369  0.15118258  0.01613039  0.48763618  0.20456734]
[ 0.  0.  1.  0.  0.  0.]
[ 0.09556951  0.0449133   0.15118127  0.01613022  0.48763788  0.20456785]
[ 0.  1.  0.  0.  0.  0.]
[ 0.0955701   0.04491309  0.15117936  0.01613022  0.48763871  0.20456852]
[ 0.  0.  0.  1.  0.  0.]
[ 0.09557013  0.04491366  0.15118241  0.01613036  0.4876357   0.2045676 ]
[ 0.  0.  1.  0.  0.  0.]
[ 0.09556991  0.04491303  0.15117949  0.01613024  0.48763883  0.20456848]
[ 0.  0.  0.  0.  1.  0.]
[ 0.09556977  0.0449129   0.1511789   0.01613015  0.48764041  0.20456789]
[ 0.  0.  0.  1.  0.  0.]
[ 0.09557018  0.04491369  0.15118232  0.01613043  0.48763567  0.20456778]
[ 0.  0.  1.  0.  0.  0.]
[ 0.09557013  0.04491374  0.15118274  0.01613044  0.48763561  0.20456736]
[ 0.  0.  1.  0.  0.  0.]
[ 0.09557024  0.04491323  0.1511803   0.01613023  0.48763832  0.20456769]
[ 0.  0.  0.  0.  0.  1.]
[ 0.09557018  0.04491332  0.15118003  0.01613026  0.48763838  0.20456788]
[ 0.  0.  0.  0.  1.  0.]
[ 0.09556991  0.04491363  0.15118201  0.01613028  0.48763713  0.20456702]
[ 0.  0.  0.  0.  0.  1.]
[ 0.09556961  0.04491337  0.15118127  0.01613023  0.48763856  0.204567  ]
[ 1.  0.  0.  0.  0.  0.]
[ 0.0955696   0.04491347  0.1511817   0.01613025  0.48763743  0.20456754]
[ 1.  0.  0.  0.  0.  0.]
[ 0.09556985  0.04491328  0.15118019  0.01613021  0.48763815  0.20456828]
[ 0.  0.  0.  1.  0.  0.]
[ 0.09556991  0.04491359  0.15118149  0.01613029  0.48763701  0.20456773]
[ 0.  1.  0.  0.  0.  0.]
[ 0.09556974  0.04491295  0.15117945  0.0161302   0.48763964  0.20456806]
[ 0.  0.  0.  1.  0.  0.]
[ 0.0955702   0.04491292  0.15117891  0.01613021  0.48763928  0.20456848]
[ 0.  0.  0.  0.  1.  0.]
check accuracy 0.3
[ 0.09557007  0.04491375  0.15118285  0.01613045  0.48763549  0.20456734]
[ 0.  0.  1.  0.  0.  0.]
[ 0.09556961  0.044913    0.15117908  0.01613015  0.48764002  0.20456807]
[ 0.  0.  0.  1.  0.  0.]
[ 0.09556982  0.04491295  0.15117897  0.01613015  0.48763946  0.20456865]
[ 0.  0.  0.  0.  1.  0.]
[ 0.09556995  0.04491364  0.15118188  0.01613036  0.48763645  0.20456772]
[ 0.  0.  0.  0.  0.  1.]
[ 0.09556978  0.04491333  0.15118128  0.01613033  0.48763743  0.20456779]
[ 0.  0.  0.  1.  0.  0.]
[ 0.09556982  0.04491368  0.15118256  0.01613037  0.48763645  0.20456712]
[ 0.  0.  1.  0.  0.  0.]
[ 0.09556963  0.04491344  0.15118165  0.01613024  0.48763731  0.20456776]
[ 0.  0.  0.  1.  0.  0.]
[ 0.09557009  0.04491298  0.15117925  0.01613016  0.48763901  0.20456855]
[ 0.  0.  0.  0.  1.  0.]
[ 0.0955701   0.04491331  0.15117998  0.01613032  0.48763838  0.20456788]
[ 0.  0.  0.  0.  0.  1.]
[ 0.09556933  0.04491328  0.15118201  0.01613024  0.48763764  0.20456746]
[ 0.  0.  0.  0.  1.  0.]
[ 0.09556966  0.04491326  0.15118101  0.01613021  0.48763832  0.20456752]
[ 0.  1.  0.  0.  0.  0.]
[ 0.09557009  0.04491368  0.15118253  0.01613043  0.48763588  0.20456736]
[ 0.  0.  1.  0.  0.  0.]
[ 0.09556946  0.04491355  0.15118136  0.01613014  0.48763803  0.20456743]
[ 1.  0.  0.  0.  0.  0.]
[ 0.09556975  0.04491344  0.15118104  0.01613017  0.48763815  0.20456748]
[ 0.  0.  0.  0.  0.  1.]
[ 0.09557032  0.04491365  0.15118212  0.01613045  0.48763576  0.2045677 ]
[ 0.  0.  1.  0.  0.  0.]
[ 0.09557003  0.04491336  0.15118048  0.01613029  0.48763776  0.2045681 ]
[ 0.  1.  0.  0.  0.  0.]
[ 0.09557022  0.04491335  0.15118054  0.01613029  0.4876377   0.20456788]
[ 0.  0.  0.  0.  1.  0.]
[ 0.09557021  0.04491301  0.15117851  0.0161301   0.48764032  0.20456783]
[ 0.  0.  0.  0.  1.  0.]
[ 0.09556975  0.04491337  0.15118064  0.01613022  0.48763856  0.20456755]
[ 1.  0.  0.  0.  0.  0.]
[ 0.09556985  0.04491354  0.15118234  0.01613043  0.48763624  0.20456766]
[ 0.  0.  0.  0.  1.  0.]
check accuracy 0.2
[ 0.09557007  0.04491299  0.15117866  0.01613018  0.48764008  0.20456798]
[ 0.  0.  0.  1.  0.  0.]
[ 0.09556999  0.04491354  0.15118203  0.01613038  0.48763639  0.20456764]
[ 1.  0.  0.  0.  0.  0.]
[ 0.0955697   0.04491329  0.15118152  0.01613029  0.48763713  0.204568  ]
[ 1.  0.  0.  0.  0.  0.]
[ 0.09557004  0.04491315  0.15118065  0.01613034  0.48763719  0.20456859]
[ 1.  0.  0.  0.  0.  0.]
[ 0.09557007  0.04491355  0.151182    0.01613036  0.48763669  0.20456734]
[ 0.  1.  0.  0.  0.  0.]
[ 0.09557004  0.04491329  0.15118057  0.01613018  0.4876385   0.20456742]
[ 0.  0.  0.  0.  1.  0.]
[ 0.09556981  0.04491308  0.15118021  0.01613009  0.48763922  0.20456758]
[ 0.  0.  0.  1.  0.  0.]
[ 0.09556965  0.04491286  0.15117915  0.01613009  0.48764065  0.20456767]
[ 0.  0.  0.  1.  0.  0.]
[ 0.09557038  0.04491296  0.1511787   0.01613021  0.48763978  0.20456797]
[ 0.  0.  0.  0.  1.  0.]
[ 0.09557051  0.04491349  0.15118058  0.01613034  0.48763731  0.20456783]
[ 0.  1.  0.  0.  0.  0.]
[ 0.09556987  0.04491336  0.15118013  0.01613012  0.48763973  0.20456678]
[ 0.  0.  0.  0.  1.  0.]
[ 0.09556972  0.04491334  0.15118133  0.0161303   0.48763737  0.20456798]
[ 1.  0.  0.  0.  0.  0.]
[ 0.09556979  0.04491344  0.15118207  0.01613029  0.48763657  0.20456789]
[ 0.  1.  0.  0.  0.  0.]
[ 0.09556973  0.04491337  0.15118124  0.01613027  0.48763809  0.20456724]
[ 0.  1.  0.  0.  0.  0.]
[ 0.09556969  0.04491313  0.15118021  0.01613026  0.48763859  0.20456813]
[ 0.  0.  0.  0.  1.  0.]
[ 0.09556971  0.04491362  0.151182    0.01613035  0.48763695  0.20456733]
[ 0.  1.  0.  0.  0.  0.]
[ 0.09556977  0.04491302  0.15117995  0.01613013  0.48763946  0.20456769]
[ 0.  0.  0.  1.  0.  0.]
[ 0.09556982  0.04491334  0.151181    0.01613024  0.48763776  0.20456783]
[ 0.  0.  0.  0.  0.  1.]
[ 0.09556976  0.04491346  0.1511817   0.0161303   0.48763707  0.20456782]
[ 0.  1.  0.  0.  0.  0.]
[ 0.09556992  0.04491333  0.15118115  0.01613029  0.487638    0.20456731]
[ 0.  1.  0.  0.  0.  0.]
check accuracy 0.2
[ 0.09557012  0.0449136   0.15118212  0.0161304   0.48763618  0.2045676 ]
[ 1.  0.  0.  0.  0.  0.]
[ 0.09557012  0.0449135   0.15118186  0.0161304   0.48763624  0.20456798]
[ 0.  0.  0.  0.  0.  1.]
[ 0.09556999  0.04491302  0.15117909  0.01613017  0.48763978  0.20456797]
[ 0.  0.  0.  0.  1.  0.]
[ 0.0955697   0.04491311  0.15117987  0.01613016  0.48763922  0.204568  ]
[ 0.  0.  0.  1.  0.  0.]
[ 0.09557053  0.04491327  0.15118     0.01613037  0.48763752  0.20456831]
[ 0.  1.  0.  0.  0.  0.]
[ 0.09557012  0.04491306  0.15117992  0.01613023  0.48763856  0.20456813]
[ 0.  0.  0.  0.  0.  1.]
[ 0.09557042  0.04491303  0.15117882  0.01613025  0.48763916  0.2045683 ]
[ 0.  0.  0.  0.  1.  0.]
[ 0.0955704   0.04491305  0.15117894  0.01613019  0.48763907  0.2045684 ]
[ 0.  0.  0.  0.  1.  0.]
[ 0.09557009  0.04491298  0.15117925  0.01613016  0.48763901  0.20456855]
[ 0.  0.  0.  0.  1.  0.]
[ 0.09556963  0.04491322  0.15118091  0.01613023  0.48763788  0.20456819]
[ 0.  0.  0.  1.  0.  0.]
[ 0.0955698   0.04491311  0.15117961  0.01613006  0.48763883  0.20456856]
[ 0.  0.  0.  1.  0.  0.]
[ 0.09556994  0.04491347  0.15118146  0.01613028  0.48763743  0.20456749]
[ 1.  0.  0.  0.  0.  0.]
[ 0.09556967  0.04491301  0.15117931  0.0161301   0.48764026  0.20456773]
[ 0.  0.  0.  1.  0.  0.]
[ 0.09557     0.04491334  0.15118112  0.01613029  0.48763752  0.2045677 ]
[ 0.  1.  0.  0.  0.  0.]
[ 0.09556988  0.04491335  0.15118086  0.01613031  0.48763713  0.20456851]
[ 1.  0.  0.  0.  0.  0.]
[ 0.0955697   0.04491343  0.15118068  0.01613019  0.48763821  0.20456773]
[ 0.  1.  0.  0.  0.  0.]
[ 0.09557044  0.0449133   0.1511807   0.01613035  0.48763707  0.20456815]
[ 0.  1.  0.  0.  0.  0.]
[ 0.09556985  0.04491368  0.15118253  0.0161304   0.48763606  0.20456739]
[ 0.  0.  0.  1.  0.  0.]
[ 0.09556995  0.0449135   0.1511815   0.01613029  0.48763758  0.20456721]
[ 0.  0.  1.  0.  0.  0.]
[ 0.09557033  0.04491328  0.15118085  0.01613037  0.4876368   0.20456836]
[ 0.  0.  0.  0.  0.  1.]
check accuracy 0.3
[ 0.09557034  0.04491295  0.15117837  0.0161302   0.48764002  0.20456816]
[ 0.  0.  0.  0.  1.  0.]
[ 0.09556975  0.04491358  0.15118192  0.01613031  0.48763689  0.20456748]
[ 0.  1.  0.  0.  0.  0.]
[ 0.09556999  0.04491332  0.15118061  0.01613024  0.48763788  0.20456795]
[ 0.  0.  0.  1.  0.  0.]
[ 0.09557006  0.044913    0.15117893  0.01613019  0.4876394   0.20456842]
[ 0.  0.  0.  0.  1.  0.]
[ 0.09556967  0.0449133   0.15118121  0.01613016  0.48763859  0.20456702]
[ 0.  0.  0.  0.  1.  0.]
[ 0.09557024  0.04491338  0.15118083  0.01613031  0.48763743  0.20456776]
[ 0.  1.  0.  0.  0.  0.]
[ 0.09556935  0.04491326  0.15118113  0.01613018  0.48763928  0.20456682]
[ 0.  0.  0.  1.  0.  0.]
[ 0.09557008  0.04491305  0.15117961  0.01613023  0.48763913  0.20456789]
[ 0.  0.  0.  1.  0.  0.]
[ 0.09557009  0.04491374  0.15118293  0.01613046  0.48763525  0.20456751]
[ 0.  0.  1.  0.  0.  0.]
[ 0.09556928  0.04491289  0.15118024  0.01613011  0.48764008  0.20456743]
[ 0.  0.  0.  1.  0.  0.]
[ 0.09556946  0.04491333  0.15118086  0.0161303   0.48763826  0.20456783]
[ 1.  0.  0.  0.  0.  0.]
[ 0.09556969  0.04491302  0.15117975  0.01613022  0.48763952  0.20456783]
[ 0.  0.  0.  0.  1.  0.]
[ 0.09556999  0.04491332  0.15118094  0.01613032  0.48763782  0.20456761]
[ 0.  0.  0.  1.  0.  0.]
[ 0.0955703   0.04491323  0.15118064  0.0161304   0.48763731  0.20456821]
[ 0.  0.  0.  1.  0.  0.]
[ 0.09557016  0.04491355  0.15118214  0.01613039  0.48763639  0.20456733]
[ 0.  0.  0.  0.  1.  0.]
[ 0.09556957  0.04491368  0.15118243  0.01613028  0.48763689  0.20456713]
[ 0.  0.  0.  0.  0.  1.]
[ 0.09556998  0.04491296  0.15117984  0.01613024  0.48763913  0.20456798]
[ 0.  0.  0.  0.  1.  0.]
[ 0.09556955  0.04491329  0.15118119  0.01613025  0.48763776  0.20456801]
[ 1.  0.  0.  0.  0.  0.]
[ 0.09556978  0.04491367  0.1511825   0.01613032  0.48763555  0.20456819]
[ 0.  0.  1.  0.  0.  0.]
[ 0.0955698   0.04491321  0.15118012  0.01613014  0.48763895  0.20456775]
[ 0.  0.  0.  0.  0.  1.]
check accuracy 0.15
[ 0.09557     0.04491355  0.15118118  0.01613033  0.48763746  0.20456745]
[ 0.  1.  0.  0.  0.  0.]
[ 0.09556957  0.04491335  0.15117969  0.01612996  0.48763978  0.2045676 ]
[ 0.  0.  0.  0.  1.  0.]
[ 0.09557022  0.04491339  0.15118071  0.01613043  0.48763743  0.20456788]
[ 0.  1.  0.  0.  0.  0.]
[ 0.09557002  0.04491333  0.15118054  0.01613023  0.48763815  0.20456767]
[ 0.  1.  0.  0.  0.  0.]
[ 0.09556946  0.04491311  0.15117998  0.01613012  0.48763964  0.20456767]
[ 0.  0.  0.  1.  0.  0.]
[ 0.09557021  0.04491341  0.1511801   0.01613032  0.48763782  0.20456815]
[ 0.  0.  0.  0.  0.  1.]
[ 0.09556982  0.04491347  0.1511818   0.01613033  0.48763701  0.2045676 ]
[ 0.  0.  0.  0.  0.  1.]
[ 0.09557004  0.04491299  0.15117896  0.0161302   0.4876394   0.20456843]
[ 0.  0.  0.  1.  0.  0.]
[ 0.09557052  0.0449134   0.15118077  0.01613026  0.48763633  0.20456873]
[ 0.  0.  0.  0.  1.  0.]
[ 0.0955702   0.04491342  0.1511806   0.01613028  0.48763794  0.20456758]
[ 0.  1.  0.  0.  0.  0.]
[ 0.09557014  0.04491279  0.15117918  0.01613024  0.48763889  0.2045687 ]
[ 0.  0.  0.  1.  0.  0.]
[ 0.09557003  0.044913    0.15118015  0.01613036  0.48763809  0.20456837]
[ 0.  0.  0.  0.  1.  0.]
[ 0.09556997  0.04491319  0.15118113  0.01613028  0.48763758  0.20456786]
[ 0.  0.  0.  1.  0.  0.]
[ 0.09557007  0.04491337  0.15118124  0.01613038  0.4876368   0.20456816]
[ 1.  0.  0.  0.  0.  0.]
[ 0.09557004  0.04491336  0.15118146  0.01613037  0.48763713  0.20456772]
[ 0.  0.  0.  1.  0.  0.]
[ 0.09556981  0.0449136   0.15118259  0.01613045  0.48763588  0.20456761]
[ 0.  0.  0.  0.  0.  1.]
[ 0.09556925  0.04491347  0.15118214  0.01613024  0.48763737  0.20456751]
[ 1.  0.  0.  0.  0.  0.]
[ 0.09556983  0.04491371  0.15118301  0.01613042  0.48763555  0.20456748]
[ 0.  0.  1.  0.  0.  0.]
[ 0.09557034  0.04491335  0.15118006  0.01613028  0.48763821  0.20456778]
[ 0.  0.  0.  0.  0.  1.]
[ 0.09556918  0.04491349  0.15118183  0.01613017  0.48763776  0.20456758]
[ 1.  0.  0.  0.  0.  0.]
check accuracy 0.2
[ 0.09557007  0.04491307  0.15117896  0.01613022  0.48763913  0.20456862]
[ 0.  0.  0.  0.  1.  0.]
[ 0.09556999  0.04491296  0.15117909  0.01613017  0.4876399   0.20456788]
[ 0.  0.  0.  1.  0.  0.]
[ 0.09556966  0.04491324  0.15118062  0.01613027  0.48763788  0.20456827]
[ 0.  1.  0.  0.  0.  0.]
[ 0.09557018  0.04491343  0.1511815   0.01613033  0.48763651  0.20456798]
[ 0.  1.  0.  0.  0.  0.]
[ 0.09557021  0.04491335  0.15118115  0.01613035  0.48763663  0.20456836]
[ 1.  0.  0.  0.  0.  0.]
[ 0.09556947  0.04491347  0.1511813   0.01613023  0.4876385   0.20456704]
[ 0.  1.  0.  0.  0.  0.]
[ 0.09557018  0.04491372  0.15118252  0.01613041  0.48763576  0.20456743]
[ 0.  0.  1.  0.  0.  0.]
[ 0.09556989  0.04491363  0.15118228  0.01613038  0.48763633  0.20456751]
[ 0.  0.  0.  0.  0.  1.]
[ 0.09556921  0.0449132   0.15118125  0.01613006  0.48763928  0.20456699]
[ 1.  0.  0.  0.  0.  0.]
[ 0.09557066  0.04491322  0.15118006  0.01613031  0.48763788  0.20456795]
[ 0.  1.  0.  0.  0.  0.]
[ 0.09556937  0.04491355  0.15118237  0.01613022  0.48763713  0.20456734]
[ 1.  0.  0.  0.  0.  0.]
[ 0.09556999  0.04491358  0.1511824   0.01613039  0.48763594  0.20456769]
[ 0.  0.  0.  0.  0.  1.]
[ 0.09557007  0.04491365  0.15118256  0.01613044  0.48763576  0.20456757]
[ 0.  0.  1.  0.  0.  0.]
[ 0.0955701   0.04491333  0.15117995  0.01613029  0.48763826  0.20456806]
[ 0.  1.  0.  0.  0.  0.]
[ 0.09556968  0.04491354  0.15118186  0.01613027  0.48763743  0.20456727]
[ 0.  1.  0.  0.  0.  0.]
[ 0.09556979  0.04491295  0.15117906  0.01613011  0.48764035  0.20456778]
[ 0.  0.  0.  0.  1.  0.]
[ 0.09557016  0.04491302  0.15117876  0.01613025  0.48763877  0.20456894]
[ 0.  0.  0.  0.  1.  0.]
[ 0.09557024  0.04491305  0.15118006  0.01613038  0.48763701  0.20456925]
[ 1.  0.  0.  0.  0.  0.]
[ 0.09557025  0.04491358  0.15118238  0.01613047  0.48763561  0.20456778]
[ 0.  0.  0.  0.  0.  1.]
[ 0.09557037  0.04491306  0.15117887  0.01613029  0.48763877  0.20456854]
[ 0.  0.  0.  0.  1.  0.]
check accuracy 0.1
[ 0.09557018  0.04491314  0.15117902  0.01613022  0.48763934  0.20456803]
[ 0.  0.  0.  0.  1.  0.]
[ 0.09557008  0.04491358  0.15118186  0.01613036  0.48763639  0.20456772]
[ 0.  1.  0.  0.  0.  0.]
[ 0.09557014  0.04491316  0.15117994  0.01613021  0.48763865  0.20456795]
[ 0.  0.  0.  1.  0.  0.]
[ 0.09556981  0.04491353  0.15118144  0.01613035  0.48763695  0.20456795]
[ 0.  0.  0.  0.  0.  1.]
[ 0.09557024  0.04491328  0.15117985  0.01613025  0.48763838  0.20456798]
[ 0.  0.  0.  0.  0.  1.]
[ 0.09557004  0.04491336  0.15118073  0.01613021  0.48763788  0.20456778]
[ 0.  1.  0.  0.  0.  0.]
[ 0.09557049  0.04491308  0.15117894  0.0161303   0.48763895  0.20456821]
[ 0.  0.  0.  0.  1.  0.]
[ 0.09556933  0.04491349  0.15118261  0.01613031  0.48763669  0.20456757]
[ 0.  1.  0.  0.  0.  0.]
[ 0.09557015  0.0449133   0.15118051  0.01613033  0.48763737  0.20456836]
[ 0.  1.  0.  0.  0.  0.]
[ 0.0955703   0.04491349  0.15118092  0.01613034  0.4876368   0.20456816]
[ 0.  1.  0.  0.  0.  0.]
[ 0.09557015  0.04491365  0.1511825   0.01613043  0.4876357   0.20456754]
[ 0.  0.  1.  0.  0.  0.]
[ 0.09556993  0.04491328  0.15118109  0.01613018  0.4876377   0.20456782]
[ 1.  0.  0.  0.  0.  0.]
[ 0.09556995  0.04491359  0.1511821   0.01613038  0.48763612  0.20456785]
[ 0.  0.  1.  0.  0.  0.]
[ 0.09556966  0.04491327  0.1511814   0.01613016  0.4876377   0.20456782]
[ 1.  0.  0.  0.  0.  0.]
[ 0.09556948  0.04491359  0.15118168  0.01613018  0.48763758  0.20456746]
[ 0.  0.  0.  1.  0.  0.]
[ 0.0955696   0.04491346  0.15118195  0.01613032  0.48763764  0.20456703]
[ 0.  0.  0.  0.  0.  1.]
[ 0.09556976  0.0449134   0.151181    0.01613029  0.48763826  0.20456731]
[ 0.  0.  0.  0.  0.  1.]
[ 0.09556975  0.04491353  0.1511815   0.01613027  0.48763719  0.2045678 ]
[ 1.  0.  0.  0.  0.  0.]
[ 0.09557034  0.04491337  0.15118127  0.01613038  0.48763645  0.20456822]
[ 1.  0.  0.  0.  0.  0.]
[ 0.09557     0.0449133   0.15118098  0.01613028  0.48763758  0.20456782]
[ 1.  0.  0.  0.  0.  0.]
check accuracy 0.1
[ 0.09557002  0.04491309  0.1511797   0.01613011  0.48763901  0.20456806]
[ 1.  0.  0.  0.  0.  0.]
[ 0.0955696   0.04491283  0.15117945  0.01613018  0.48763964  0.2045683 ]
[ 0.  0.  0.  0.  1.  0.]
[ 0.09557002  0.04491373  0.15118277  0.01613043  0.48763576  0.20456731]
[ 0.  0.  1.  0.  0.  0.]
[ 0.09557002  0.04491288  0.15117903  0.0161302   0.48764026  0.20456761]
[ 0.  0.  0.  1.  0.  0.]
[ 0.09556977  0.04491323  0.15118024  0.01613018  0.48763889  0.20456767]
[ 0.  0.  0.  1.  0.  0.]
[ 0.09556936  0.0449128   0.15117916  0.01613011  0.48764098  0.20456754]
[ 0.  0.  0.  1.  0.  0.]
[ 0.09557006  0.04491358  0.15118164  0.01613033  0.48763725  0.2045671 ]
[ 0.  0.  1.  0.  0.  0.]
[ 0.09557001  0.04491326  0.15118009  0.01613028  0.48763832  0.20456809]
[ 0.  0.  0.  0.  1.  0.]
[ 0.09556992  0.04491337  0.15118109  0.01613029  0.48763746  0.20456782]
[ 1.  0.  0.  0.  0.  0.]
[ 0.09556982  0.0449137   0.15118214  0.01613032  0.48763683  0.2045671 ]
[ 0.  1.  0.  0.  0.  0.]
[ 0.09557009  0.04491372  0.15118274  0.01613045  0.4876357   0.20456736]
[ 0.  0.  1.  0.  0.  0.]
[ 0.09557002  0.04491373  0.15118277  0.01613043  0.48763576  0.20456731]
[ 0.  0.  1.  0.  0.  0.]
[ 0.09557015  0.04491335  0.15117995  0.01613018  0.48763826  0.20456816]
[ 1.  0.  0.  0.  0.  0.]
[ 0.09557008  0.0449135   0.15118064  0.0161303   0.4876377   0.20456776]
[ 0.  1.  0.  0.  0.  0.]
[ 0.0955698   0.04491343  0.15118138  0.01613024  0.487638    0.20456722]
[ 0.  1.  0.  0.  0.  0.]
[ 0.0955699   0.04491355  0.15118217  0.01613037  0.48763663  0.20456736]
[ 0.  0.  0.  0.  0.  1.]
[ 0.09557015  0.04491317  0.15118025  0.01613027  0.48763776  0.20456839]
[ 1.  0.  0.  0.  0.  0.]
[ 0.09556998  0.04491289  0.15117915  0.01613029  0.48763865  0.20456898]
[ 0.  0.  0.  1.  0.  0.]
[ 0.09556971  0.0449134   0.15118121  0.0161303   0.48763782  0.2045676 ]
[ 0.  0.  0.  0.  0.  1.]
[ 0.09556974  0.04491291  0.15117922  0.0161302   0.48764002  0.20456792]
[ 0.  0.  0.  1.  0.  0.]
check accuracy 0.15
[ 0.09556986  0.04491337  0.15118086  0.01613025  0.48763794  0.20456782]
[ 1.  0.  0.  0.  0.  0.]
[ 0.09557016  0.04491337  0.15118052  0.01613021  0.48763809  0.2045676 ]
[ 0.  0.  0.  0.  0.  1.]
[ 0.0955696   0.04491333  0.15118092  0.01613022  0.48763821  0.20456776]
[ 1.  0.  0.  0.  0.  0.]
[ 0.09556989  0.04491347  0.15118143  0.01613034  0.48763737  0.20456752]
[ 0.  1.  0.  0.  0.  0.]
[ 0.09557007  0.04491341  0.15118118  0.01613041  0.48763731  0.20456764]
[ 0.  1.  0.  0.  0.  0.]
[ 0.09557008  0.0449134   0.15118165  0.01613035  0.48763645  0.20456804]
[ 0.  1.  0.  0.  0.  0.]
[ 0.09557056  0.04491311  0.15117887  0.01613032  0.48763895  0.20456818]
[ 0.  0.  0.  0.  1.  0.]
[ 0.09556973  0.04491315  0.15118055  0.01613024  0.48763844  0.20456786]
[ 0.  0.  0.  1.  0.  0.]
[ 0.0955701   0.0449133   0.15118106  0.01613029  0.48763719  0.2045681 ]
[ 0.  0.  0.  0.  0.  1.]
[ 0.09556933  0.04491327  0.15118194  0.01613021  0.48763758  0.20456773]
[ 1.  0.  0.  0.  0.  0.]
[ 0.09557004  0.04491374  0.15118293  0.01613046  0.48763537  0.20456743]
[ 0.  0.  1.  0.  0.  0.]
[ 0.09556959  0.044913    0.15117988  0.01613017  0.4876397   0.20456766]
[ 0.  0.  0.  1.  0.  0.]
[ 0.09556981  0.0449136   0.15118253  0.0161304   0.48763618  0.20456754]
[ 0.  1.  0.  0.  0.  0.]
[ 0.09556975  0.04491347  0.15118119  0.01613032  0.48763743  0.20456797]
[ 1.  0.  0.  0.  0.  0.]
[ 0.0955703   0.04491292  0.15117893  0.01613025  0.48763934  0.20456825]
[ 0.  0.  0.  0.  1.  0.]
[ 0.09557003  0.0449133   0.15118083  0.01613032  0.48763701  0.20456851]
[ 0.  1.  0.  0.  0.  0.]
[ 0.09557002  0.04491352  0.15118067  0.01613024  0.48763815  0.20456743]
[ 0.  0.  0.  0.  0.  1.]
[ 0.09556981  0.04491327  0.15118076  0.01613018  0.48763794  0.20456801]
[ 1.  0.  0.  0.  0.  0.]
[ 0.09556969  0.04491331  0.15118077  0.0161303   0.48763815  0.20456773]
[ 0.  0.  0.  1.  0.  0.]
[ 0.09557012  0.04491293  0.15117905  0.0161302   0.48764008  0.20456761]
[ 0.  0.  0.  0.  1.  0.]
check accuracy 0.15
[ 0.09556978  0.04491311  0.15118061  0.01613021  0.48763803  0.20456831]
[ 1.  0.  0.  0.  0.  0.]
[ 0.09557014  0.04491341  0.15118115  0.01613035  0.48763707  0.20456782]
[ 1.  0.  0.  0.  0.  0.]
[ 0.09557     0.04491331  0.15118144  0.0161303   0.48763707  0.20456794]
[ 0.  0.  0.  1.  0.  0.]
[ 0.09556999  0.04491371  0.15118256  0.01613043  0.48763588  0.20456739]
[ 0.  0.  1.  0.  0.  0.]
[ 0.09556989  0.04491352  0.15118124  0.01613023  0.48763731  0.20456792]
[ 1.  0.  0.  0.  0.  0.]
[ 0.09556989  0.04491344  0.15118141  0.01613032  0.4876368   0.2045681 ]
[ 1.  0.  0.  0.  0.  0.]
[ 0.09556992  0.04491369  0.15118235  0.01613037  0.48763627  0.20456731]
[ 0.  0.  1.  0.  0.  0.]
[ 0.09557018  0.04491362  0.15118258  0.01613046  0.48763531  0.20456788]
[ 0.  0.  0.  0.  0.  1.]
[ 0.09556984  0.04491311  0.15117966  0.0161302   0.48763913  0.20456807]
[ 0.  0.  0.  1.  0.  0.]
[ 0.09557061  0.04491293  0.15117854  0.01613026  0.48763916  0.20456849]
[ 0.  0.  0.  0.  1.  0.]
[ 0.09556971  0.04491328  0.15118179  0.01613028  0.48763695  0.204568  ]
[ 0.  1.  0.  0.  0.  0.]
[ 0.09557008  0.04491355  0.15118191  0.01613039  0.48763618  0.20456794]
[ 0.  0.  0.  0.  0.  1.]
[ 0.09557027  0.04491317  0.15118025  0.01613027  0.48763731  0.20456868]
[ 0.  0.  0.  0.  1.  0.]
[ 0.09557008  0.04491327  0.15118037  0.01613022  0.4876377   0.20456831]
[ 1.  0.  0.  0.  0.  0.]
[ 0.09556966  0.04491343  0.15118097  0.01613026  0.48763788  0.20456778]
[ 0.  0.  0.  1.  0.  0.]
[ 0.09557012  0.04491368  0.15118244  0.01613045  0.48763576  0.20456746]
[ 0.  0.  1.  0.  0.  0.]
[ 0.0955699   0.04491314  0.15118     0.0161301   0.48763934  0.20456752]
[ 0.  0.  0.  0.  1.  0.]
[ 0.09556989  0.04491334  0.15118119  0.01613026  0.48763737  0.20456798]
[ 0.  0.  0.  0.  0.  1.]
[ 0.09556911  0.04491359  0.15118288  0.01613028  0.48763633  0.20456778]
[ 0.  0.  1.  0.  0.  0.]
[ 0.09556964  0.04491348  0.15118243  0.01613033  0.48763669  0.20456752]
[ 1.  0.  0.  0.  0.  0.]
check accuracy 0.15
[ 0.0955701   0.04491323  0.15118048  0.01613018  0.48763826  0.20456772]
[ 1.  0.  0.  0.  0.  0.]
[ 0.09557001  0.0449137   0.15118279  0.01613045  0.48763543  0.20456763]
[ 0.  0.  1.  0.  0.  0.]
[ 0.09557031  0.0449134   0.15118118  0.01613029  0.48763674  0.20456809]
[ 0.  0.  0.  0.  0.  1.]
[ 0.09556951  0.04491328  0.15118064  0.01613019  0.48763838  0.20456795]
[ 1.  0.  0.  0.  0.  0.]
[ 0.09557002  0.04491358  0.15118206  0.01613037  0.48763657  0.20456748]
[ 0.  0.  0.  0.  0.  1.]
[ 0.09557017  0.0449133   0.1511806   0.01613027  0.4876377   0.20456798]
[ 0.  1.  0.  0.  0.  0.]
[ 0.09556976  0.04491368  0.15118282  0.01613046  0.48763537  0.20456794]
[ 0.  0.  1.  0.  0.  0.]
[ 0.09557007  0.04491309  0.15118048  0.01613033  0.48763776  0.20456827]
[ 0.  0.  0.  0.  1.  0.]
[ 0.09556998  0.04491317  0.15118019  0.01613016  0.48763865  0.20456782]
[ 0.  0.  0.  1.  0.  0.]
[ 0.09557019  0.04491341  0.15118156  0.01613037  0.48763639  0.20456803]
[ 1.  0.  0.  0.  0.  0.]
[ 0.09556992  0.04491379  0.15118323  0.01613047  0.4876352   0.20456733]
[ 0.  0.  1.  0.  0.  0.]
[ 0.09557001  0.04491343  0.151181    0.01613031  0.48763743  0.20456779]
[ 0.  0.  0.  0.  1.  0.]
[ 0.09557009  0.04491333  0.15118097  0.01613031  0.48763758  0.20456776]
[ 0.  0.  0.  1.  0.  0.]
[ 0.09557012  0.04491372  0.15118255  0.01613044  0.4876357   0.20456746]
[ 0.  0.  1.  0.  0.  0.]
[ 0.09556969  0.04491359  0.15118197  0.0161303   0.48763764  0.20456684]
[ 0.  0.  0.  0.  0.  1.]
[ 0.09557004  0.04491303  0.1511797   0.01613021  0.48763889  0.20456809]
[ 0.  0.  0.  0.  1.  0.]
[ 0.09557038  0.0449135   0.15118167  0.01613048  0.48763582  0.20456813]
[ 0.  0.  0.  0.  0.  1.]
[ 0.09556989  0.04491324  0.15118058  0.01613022  0.48763794  0.20456809]
[ 0.  0.  0.  1.  0.  0.]
[ 0.09557004  0.04491362  0.15118223  0.01613041  0.48763639  0.20456736]
[ 0.  0.  0.  0.  0.  1.]
[ 0.09557012  0.04491326  0.15118055  0.01613033  0.4876368   0.20456897]
[ 0.  0.  0.  1.  0.  0.]
check accuracy 0.25
[ 0.09557001  0.04491307  0.15117995  0.01613022  0.4876385   0.20456828]
[ 0.  0.  0.  1.  0.  0.]
[ 0.09556925  0.04491331  0.15118138  0.01613013  0.48763889  0.20456696]
[ 1.  0.  0.  0.  0.  0.]
[ 0.09556962  0.04491333  0.15118131  0.01613017  0.48763832  0.20456725]
[ 1.  0.  0.  0.  0.  0.]
[ 0.09557009  0.04491288  0.15117876  0.01613018  0.48763978  0.20456821]
[ 0.  0.  0.  0.  1.  0.]
[ 0.09556973  0.04491363  0.15118238  0.01613032  0.48763639  0.20456751]
[ 1.  0.  0.  0.  0.  0.]
[ 0.09557024  0.04491368  0.15118243  0.01613044  0.48763537  0.20456785]
[ 0.  0.  1.  0.  0.  0.]
[ 0.09556992  0.04491379  0.15118313  0.01613046  0.48763537  0.20456733]
[ 0.  0.  1.  0.  0.  0.]
[ 0.0955696   0.04491328  0.15118127  0.01613018  0.48763788  0.20456779]
[ 1.  0.  0.  0.  0.  0.]
[ 0.09556973  0.04491289  0.151179    0.01613008  0.48764032  0.20456798]
[ 0.  0.  0.  0.  1.  0.]
[ 0.09556966  0.04491295  0.15117933  0.01613025  0.48763946  0.20456825]
[ 0.  0.  0.  0.  1.  0.]
[ 0.09556983  0.04491295  0.151179    0.01613015  0.4876399   0.20456819]
[ 0.  0.  0.  0.  1.  0.]
[ 0.09556973  0.04491325  0.15118121  0.01613039  0.48763683  0.20456862]
[ 0.  0.  0.  0.  0.  1.]
[ 0.0955699   0.04491303  0.15117949  0.01613019  0.48763934  0.20456795]
[ 0.  0.  0.  1.  0.  0.]
[ 0.09556998  0.04491349  0.15118189  0.01613035  0.48763624  0.20456803]
[ 1.  0.  0.  0.  0.  0.]
[ 0.09557004  0.04491334  0.15118113  0.01613026  0.48763731  0.204568  ]
[ 1.  0.  0.  0.  0.  0.]
[ 0.09556936  0.04491309  0.15118028  0.01613011  0.48764002  0.20456709]
[ 0.  0.  0.  1.  0.  0.]
[ 0.09556971  0.04491347  0.15118186  0.01613025  0.48763743  0.20456727]
[ 0.  0.  0.  1.  0.  0.]
[ 0.0955698   0.04491371  0.15118282  0.01613043  0.48763594  0.20456731]
[ 0.  0.  1.  0.  0.  0.]
[ 0.09556969  0.04491313  0.15118021  0.01613026  0.48763859  0.20456813]
[ 0.  0.  0.  0.  1.  0.]
[ 0.09556989  0.04491344  0.15118153  0.01613032  0.48763707  0.20456779]
[ 0.  1.  0.  0.  0.  0.]
check accuracy 0.35
[ 0.09557012  0.04491377  0.15118271  0.01613043  0.48763555  0.20456752]
[ 0.  0.  1.  0.  0.  0.]
[ 0.09556944  0.04491339  0.1511815   0.01613032  0.48763707  0.20456831]
[ 0.  1.  0.  0.  0.  0.]
[ 0.09557     0.0449136   0.15118244  0.01613045  0.48763576  0.20456776]
[ 0.  0.  1.  0.  0.  0.]
[ 0.09556954  0.0449135   0.15118219  0.01613026  0.48763752  0.20456702]
[ 1.  0.  0.  0.  0.  0.]
[ 0.09557021  0.0449131   0.15117894  0.01613022  0.4876394   0.20456815]
[ 0.  0.  0.  0.  1.  0.]
[ 0.09557002  0.04491293  0.15117861  0.01613012  0.48764014  0.20456828]
[ 0.  0.  0.  0.  1.  0.]
[ 0.09556997  0.04491375  0.15118298  0.01613043  0.48763549  0.20456743]
[ 0.  0.  1.  0.  0.  0.]
[ 0.09556976  0.04491301  0.15117942  0.01613015  0.48763996  0.20456769]
[ 0.  0.  0.  0.  1.  0.]
[ 0.09556995  0.04491363  0.15118232  0.0161304   0.48763606  0.20456763]
[ 0.  0.  1.  0.  0.  0.]
[ 0.09556973  0.04491369  0.15118296  0.01613042  0.48763531  0.20456788]
[ 0.  0.  1.  0.  0.  0.]
[ 0.09556995  0.04491287  0.1511787   0.01613016  0.48764014  0.20456818]
[ 0.  0.  0.  1.  0.  0.]
[ 0.09557028  0.04491337  0.15118052  0.01613032  0.48763764  0.20456789]
[ 0.  0.  0.  0.  0.  1.]
[ 0.09556989  0.04491281  0.15117884  0.01613007  0.48764053  0.2045678 ]
[ 0.  0.  0.  0.  1.  0.]
[ 0.09556983  0.04491308  0.15117958  0.01613017  0.48763964  0.20456776]
[ 0.  0.  0.  1.  0.  0.]
[ 0.0955703   0.04491307  0.15117878  0.01613026  0.4876397   0.20456788]
[ 0.  0.  0.  0.  1.  0.]
[ 0.09557012  0.04491347  0.15118165  0.01613037  0.48763695  0.20456746]
[ 0.  0.  0.  0.  0.  1.]
[ 0.09557027  0.04491339  0.15117992  0.01613027  0.48763838  0.20456783]
[ 0.  0.  0.  0.  1.  0.]
[ 0.09556982  0.04491361  0.15118198  0.01613029  0.48763701  0.20456722]
[ 0.  0.  1.  0.  0.  0.]
[ 0.09556971  0.04491317  0.15118007  0.01613011  0.48763946  0.20456751]
[ 1.  0.  0.  0.  0.  0.]
[ 0.09556965  0.04491301  0.15118043  0.01613026  0.48763859  0.20456801]
[ 0.  0.  0.  0.  1.  0.]
check accuracy 0.05
[ 0.09556969  0.04491353  0.15118182  0.01613025  0.48763674  0.20456798]
[ 0.  1.  0.  0.  0.  0.]
[ 0.09556997  0.04491371  0.1511827   0.01613043  0.48763582  0.20456737]
[ 0.  0.  1.  0.  0.  0.]
[ 0.09556934  0.04491344  0.15118189  0.01613023  0.48763832  0.20456682]
[ 1.  0.  0.  0.  0.  0.]
[ 0.09556957  0.04491361  0.15118217  0.01613023  0.48763701  0.20456743]
[ 0.  0.  0.  1.  0.  0.]
[ 0.09556999  0.04491329  0.15118071  0.01613028  0.48763758  0.20456819]
[ 0.  0.  0.  0.  0.  1.]
[ 0.09556963  0.04491344  0.15118165  0.01613024  0.48763731  0.20456776]
[ 0.  0.  0.  1.  0.  0.]
[ 0.09557006  0.04491295  0.1511789   0.01613004  0.4876399   0.20456818]
[ 0.  0.  0.  1.  0.  0.]
[ 0.0955698   0.04491335  0.15118071  0.01613015  0.48763901  0.20456691]
[ 1.  0.  0.  0.  0.  0.]
[ 0.09556961  0.0449135   0.1511817   0.01613022  0.48763713  0.20456785]
[ 0.  1.  0.  0.  0.  0.]
[ 0.0955703   0.04491328  0.15117979  0.01613035  0.48763752  0.20456877]
[ 1.  0.  0.  0.  0.  0.]
[ 0.09557028  0.04491325  0.15117994  0.01613031  0.48763803  0.20456812]
[ 0.  0.  0.  0.  0.  1.]
[ 0.09556997  0.04491377  0.15118307  0.01613047  0.48763525  0.20456746]
[ 0.  0.  1.  0.  0.  0.]
[ 0.09557015  0.04491349  0.15118161  0.01613037  0.48763639  0.20456804]
[ 0.  0.  0.  0.  0.  1.]
[ 0.09557031  0.04491351  0.15118192  0.01613042  0.48763582  0.204568  ]
[ 0.  0.  0.  0.  0.  1.]
[ 0.09557025  0.04491361  0.15118186  0.01613039  0.48763594  0.204568  ]
[ 0.  0.  1.  0.  0.  0.]
[ 0.09556982  0.04491338  0.15118136  0.01613021  0.48763776  0.20456745]
[ 0.  0.  0.  1.  0.  0.]
[ 0.09556957  0.04491322  0.15118074  0.01613018  0.48763883  0.20456746]
[ 0.  0.  0.  1.  0.  0.]
[ 0.09557001  0.04491344  0.15118085  0.01613031  0.48763731  0.2045681 ]
[ 0.  1.  0.  0.  0.  0.]
[ 0.0955701   0.04491297  0.1511794   0.01613024  0.48763922  0.20456807]
[ 0.  0.  0.  0.  1.  0.]
[ 0.09556972  0.04491344  0.1511817   0.01613031  0.48763713  0.20456769]
[ 0.  1.  0.  0.  0.  0.]
check accuracy 0.25
[ 0.09556971  0.04491287  0.15117936  0.01613011  0.4876397   0.20456822]
[ 0.  0.  0.  1.  0.  0.]
[ 0.09557008  0.04491278  0.15117846  0.0161301   0.48764047  0.20456815]
[ 0.  0.  0.  1.  0.  0.]
[ 0.0955701   0.04491326  0.15118025  0.01613023  0.48763764  0.20456849]
[ 0.  0.  0.  0.  1.  0.]
[ 0.09557012  0.04491293  0.15117905  0.01613023  0.48763946  0.20456812]
[ 0.  0.  0.  1.  0.  0.]
[ 0.09557007  0.04491315  0.15117918  0.01613018  0.48763958  0.20456786]
[ 0.  0.  0.  0.  1.  0.]
[ 0.09557011  0.04491343  0.15118088  0.01613034  0.48763689  0.20456824]
[ 0.  1.  0.  0.  0.  0.]
[ 0.09556964  0.04491336  0.15118127  0.01613022  0.48763832  0.20456719]
[ 0.  0.  0.  1.  0.  0.]
[ 0.09557045  0.04491293  0.15117876  0.01613029  0.48763913  0.20456848]
[ 0.  0.  0.  0.  1.  0.]
[ 0.09556975  0.0449133   0.15118051  0.01613012  0.48763901  0.20456727]
[ 1.  0.  0.  0.  0.  0.]
[ 0.09556988  0.04491375  0.15118261  0.01613039  0.48763633  0.20456702]
[ 0.  0.  1.  0.  0.  0.]
[ 0.09556983  0.04491294  0.15117987  0.01613027  0.48763907  0.204568  ]
[ 0.  0.  0.  1.  0.  0.]
[ 0.09557018  0.04491359  0.1511822   0.01613045  0.48763549  0.2045681 ]
[ 0.  0.  1.  0.  0.  0.]
[ 0.09557001  0.04491371  0.15118268  0.01613044  0.4876357   0.20456737]
[ 0.  0.  1.  0.  0.  0.]
[ 0.09556989  0.04491368  0.1511825   0.01613039  0.48763627  0.20456722]
[ 0.  0.  1.  0.  0.  0.]
[ 0.09556968  0.04491341  0.15118185  0.01613033  0.48763758  0.20456715]
[ 0.  0.  0.  0.  1.  0.]
[ 0.09556984  0.04491337  0.15118089  0.01613024  0.48763826  0.20456739]
[ 0.  1.  0.  0.  0.  0.]
[ 0.09556992  0.04491363  0.15118223  0.01613037  0.48763627  0.20456757]
[ 0.  0.  0.  0.  0.  1.]
[ 0.09556988  0.04491305  0.15117952  0.01613021  0.48763913  0.20456821]
[ 0.  0.  0.  1.  0.  0.]
[ 0.09556965  0.04491341  0.15118195  0.01613031  0.48763719  0.20456743]
[ 1.  0.  0.  0.  0.  0.]
[ 0.09557045  0.04491301  0.15117885  0.01613025  0.48763916  0.20456827]
[ 0.  0.  0.  0.  1.  0.]
