check accuracy 0.1
[  7.31677926e-21   7.78604136e-25   1.00000000e+00   1.14257843e-26
   2.10511384e-30   9.56952730e-21]
[ 1.  0.  0.  0.  0.  0.]
[  1.01297459e-20   6.95992699e-25   1.00000000e+00   1.17781401e-26
   4.39034689e-30   1.17327944e-20]
[ 0.  0.  0.  0.  0.  1.]
[  2.06880293e-16   7.68349573e-21   1.00000000e+00   1.48351420e-21
   1.37988244e-23   2.50643220e-17]
[ 0.  1.  0.  0.  0.  0.]
[  7.15949696e-25   1.24562739e-29   1.00000000e+00   6.82578066e-32
   3.30616862e-36   2.00537396e-24]
[ 1.  0.  0.  0.  0.  0.]
[  8.53609912e-19   1.27328032e-22   1.00000000e+00   3.84039971e-24
   2.52717638e-27   9.79363130e-19]
[ 0.  0.  0.  0.  1.  0.]
[  3.42508174e-14   1.48889185e-17   1.00000000e+00   2.21753577e-18
   2.01749351e-20   1.40592155e-14]
[ 1.  0.  0.  0.  0.  0.]
[  6.52014067e-17   3.39884507e-20   1.00000000e+00   2.92522871e-21
   3.01813824e-24   6.14169363e-17]
[ 0.  1.  0.  0.  0.  0.]
[  5.60614263e-35   0.00000000e+00   1.00000000e+00   0.00000000e+00
   0.00000000e+00   2.12396837e-34]
[ 0.  0.  0.  1.  0.  0.]
[  1.33365580e-26   2.21014026e-31   1.00000000e+00   5.38630016e-34
   0.00000000e+00   2.20917646e-26]
[ 0.  0.  0.  0.  1.  0.]
[  2.61231187e-15   1.14961324e-18   1.00000000e+00   1.10400824e-19
   3.97831996e-22   1.38930016e-15]
[ 0.  0.  0.  1.  0.  0.]
[  3.19700571e-18   4.81354436e-23   1.00000000e+00   2.14048256e-24
   9.70489349e-27   2.93541506e-19]
[ 0.  0.  0.  1.  0.  0.]
[  7.25231171e-02   8.91420350e-04   8.56222689e-01   9.00406041e-04
   6.87289909e-02   7.33418216e-04]
[ 0.  0.  1.  0.  0.  0.]
[  1.11216204e-19   9.86281709e-24   1.00000000e+00   3.13294703e-25
   1.70922876e-28   5.65787726e-20]
[ 1.  0.  0.  0.  0.  0.]
[ 0.60053945  0.03909458  0.22028632  0.00493269  0.13283141  0.00231558]
[ 0.  0.  1.  0.  0.  0.]
[  7.11127900e-21   5.59241590e-25   1.00000000e+00   2.01705648e-26
   3.31960018e-30   1.89851602e-20]
[ 1.  0.  0.  0.  0.  0.]
[  5.44165600e-24   1.49071347e-28   1.00000000e+00   2.97836038e-31
   2.39346692e-35   2.61269975e-23]
[ 0.  0.  0.  1.  0.  0.]
[  8.85044275e-19   3.07863154e-22   1.00000000e+00   8.90800115e-24
   4.30982369e-27   3.58088638e-18]
[ 1.  0.  0.  0.  0.  0.]
[  3.15811187e-02   3.46315443e-04   9.62058544e-01   3.01430875e-04
   5.53336646e-03   1.79282346e-04]
[ 0.  0.  1.  0.  0.  0.]
[ 0.6807037   0.05197449  0.14195141  0.00476422  0.11828182  0.00232436]
[ 0.  0.  1.  0.  0.  0.]
[  9.68765014e-21   1.05764504e-24   1.00000000e+00   1.71550792e-26
   3.22090530e-30   1.68735814e-20]
[ 0.  0.  0.  1.  0.  0.]
check accuracy 0.35
[ 0.39838976  0.01073772  0.47991282  0.00291472  0.10631439  0.00173062]
[ 0.  0.  1.  0.  0.  0.]
[ 0.15270418  0.00154266  0.57412922  0.00145819  0.26830456  0.00186117]
[ 0.  0.  1.  0.  0.  0.]
[  1.90431780e-21   8.95340426e-26   1.00000000e+00   9.31819989e-27
   4.34384941e-31   3.00828237e-20]
[ 0.  1.  0.  0.  0.  0.]
[  4.91728990e-16   1.21259443e-19   1.00000000e+00   4.98192627e-21
   2.80121131e-23   2.14190439e-16]
[ 0.  0.  0.  0.  1.  0.]
[  0.00000000e+00   0.00000000e+00   1.00000000e+00   0.00000000e+00
   0.00000000e+00   3.57405377e-38]
[ 0.  0.  0.  1.  0.  0.]
[  4.68503693e-20   4.42474369e-24   1.00000000e+00   1.56895165e-25
   4.61826144e-29   1.03090718e-19]
[ 1.  0.  0.  0.  0.  0.]
[  1.38653431e-18   5.07510849e-22   1.00000000e+00   1.79696188e-23
   4.51770741e-27   3.15759056e-18]
[ 0.  0.  0.  1.  0.  0.]
[ 0.09847488  0.00180624  0.83654106  0.00150932  0.06050191  0.00116657]
[ 0.  0.  1.  0.  0.  0.]
[  5.64034006e-26   6.31132203e-32   1.00000000e+00   5.47454581e-34
   7.87019889e-38   5.55412607e-25]
[ 1.  0.  0.  0.  0.  0.]
[  2.86646690e-14   1.48945417e-17   1.00000000e+00   3.84171545e-18
   9.59690827e-21   4.48145210e-14]
[ 0.  1.  0.  0.  0.  0.]
[  3.75665358e-22   8.34548740e-27   1.00000000e+00   1.31783032e-28
   3.14321870e-32   9.83971526e-22]
[ 1.  0.  0.  0.  0.  0.]
[  0.00000000e+00   0.00000000e+00   1.00000000e+00   0.00000000e+00
   0.00000000e+00   1.23428387e-38]
[ 0.  0.  0.  1.  0.  0.]
[  4.74960490e-19   1.11270787e-22   1.00000000e+00   2.42206350e-24
   1.07587367e-27   5.08695914e-19]
[ 0.  0.  0.  0.  0.  1.]
[  8.36586516e-17   4.98517974e-20   1.00000000e+00   2.13171795e-21
   2.92604997e-24   9.43506757e-17]
[ 0.  1.  0.  0.  0.  0.]
[  6.43330350e-06   1.47846055e-08   9.99993324e-01   1.88939353e-08
   8.38319423e-08   9.80289130e-08]
[ 0.  0.  1.  0.  0.  0.]
[  2.42123314e-12   1.19609074e-14   1.00000000e+00   1.62742579e-15
   7.12986923e-18   3.22207126e-12]
[ 0.  0.  0.  0.  0.  1.]
[  3.53570886e-28   2.51899715e-33   1.00000000e+00   4.86871156e-36
   0.00000000e+00   6.16823794e-28]
[ 0.  0.  0.  0.  1.  0.]
[  6.20654842e-04   9.44832209e-07   9.99364793e-01   7.18591707e-07
   7.54112216e-06   5.34379615e-06]
[ 0.  0.  1.  0.  0.  0.]
[  2.32534006e-07   9.50188372e-10   9.99999762e-01   2.58140687e-09
   1.27416044e-09   1.80447657e-08]
[ 0.  0.  1.  0.  0.  0.]
[  1.50323298e-03   1.14819568e-05   9.98329818e-01   1.59454066e-05
   8.08837576e-05   5.85684502e-05]
[ 0.  0.  1.  0.  0.  0.]
check accuracy 0.05
[  1.45639108e-11   3.90266805e-14   1.00000000e+00   3.56558434e-15
   1.39059861e-16   5.47685291e-12]
[ 0.  1.  0.  0.  0.  0.]
[  4.06014825e-28   4.08111435e-34   1.00000000e+00   6.59778670e-37
   0.00000000e+00   3.17661465e-28]
[ 0.  0.  0.  1.  0.  0.]
[ 0.6587407   0.05190953  0.17520212  0.00557382  0.10628229  0.00229162]
[ 0.  0.  1.  0.  0.  0.]
[  1.36209279e-20   8.20436542e-25   1.00000000e+00   2.71684620e-26
   7.30698348e-30   2.66584091e-20]
[ 0.  1.  0.  0.  0.  0.]
[  3.47486585e-15   1.15740176e-18   1.00000000e+00   1.45681563e-19
   5.41972282e-22   2.70440171e-15]
[ 0.  0.  0.  1.  0.  0.]
[  1.81092402e-16   8.93695046e-20   1.00000000e+00   5.02138294e-21
   6.52325215e-24   3.41072322e-16]
[ 0.  1.  0.  0.  0.  0.]
[  4.11692101e-34   0.00000000e+00   1.00000000e+00   0.00000000e+00
   0.00000000e+00   1.04588462e-33]
[ 0.  0.  0.  0.  1.  0.]
[  2.27473539e-25   6.03229019e-30   1.00000000e+00   3.81203884e-32
   7.76508222e-37   4.60727309e-25]
[ 0.  0.  0.  0.  1.  0.]
[  1.29883853e-12   6.68526725e-15   1.00000000e+00   4.35294170e-15
   1.84702069e-17   2.26408063e-12]
[ 0.  0.  0.  0.  0.  1.]
[ 0.  0.  1.  0.  0.  0.]
[ 0.  0.  0.  1.  0.  0.]
[  1.31267027e-24   2.26846576e-29   1.00000000e+00   1.41379644e-31
   8.05579824e-36   1.53757342e-24]
[ 0.  0.  0.  1.  0.  0.]
[  5.82098539e-25   6.39425518e-30   1.00000000e+00   5.65385100e-32
   2.44349539e-36   7.36897651e-25]
[ 0.  0.  0.  0.  1.  0.]
[  2.65827165e-08   2.05047909e-10   1.00000000e+00   6.53433141e-10
   9.52556090e-11   5.77777115e-09]
[ 0.  0.  0.  0.  0.  1.]
[  7.09039968e-27   1.04645246e-31   1.00000000e+00   2.17035907e-34
   0.00000000e+00   1.15108742e-26]
[ 0.  0.  0.  0.  1.  0.]
[  7.22080937e-11   1.88218622e-13   1.00000000e+00   1.46490608e-13
   7.62776971e-15   2.39185807e-11]
[ 0.  0.  0.  0.  0.  1.]
[  3.06853990e-20   2.85833375e-24   1.00000000e+00   1.84090763e-25
   3.23051727e-29   1.37127430e-19]
[ 0.  0.  0.  0.  1.  0.]
[  1.16345833e-09   1.29841493e-12   1.00000000e+00   4.99023023e-13
   6.38124671e-14   6.47066706e-11]
[ 0.  1.  0.  0.  0.  0.]
[  1.01945056e-06   2.96056646e-09   9.99998927e-01   1.95770355e-09
   1.47671242e-09   4.27500844e-08]
[ 0.  0.  0.  0.  0.  1.]
[  8.08383629e-06   2.69164673e-08   9.99991536e-01   5.37370397e-08
   8.42517736e-08   1.99634869e-07]
[ 0.  0.  1.  0.  0.  0.]
[  3.26355580e-19   1.01938897e-22   1.00000000e+00   4.22948682e-24
   1.11483784e-27   6.57445632e-19]
[ 0.  1.  0.  0.  0.  0.]
check accuracy 0.2
[  6.72861264e-21   1.15674878e-25   1.00000000e+00   2.64017628e-27
   1.86111845e-30   1.63506849e-21]
[ 1.  0.  0.  0.  0.  0.]
[  1.44940334e-13   1.04671997e-16   1.00000000e+00   1.69274406e-17
   1.50199378e-19   1.25044127e-13]
[ 1.  0.  0.  0.  0.  0.]
[  4.99331479e-13   5.78340650e-16   1.00000000e+00   6.61292188e-17
   5.88761983e-19   3.58992241e-13]
[ 1.  0.  0.  0.  0.  0.]
[  7.77562297e-25   1.39411087e-29   1.00000000e+00   1.04874632e-31
   3.03930902e-36   3.08325930e-24]
[ 0.  0.  0.  0.  1.  0.]
[  1.34720235e-09   2.13171147e-12   1.00000000e+00   2.60813376e-12
   2.79861935e-13   1.63354094e-10]
[ 0.  0.  0.  0.  0.  1.]
[  7.42140674e-06   1.31254092e-08   9.99992490e-01   2.47766359e-08
   5.07052995e-08   6.97098841e-08]
[ 0.  0.  1.  0.  0.  0.]
[ 0.69081378  0.05610318  0.12716578  0.00457564  0.11897681  0.00236488]
[ 0.  0.  1.  0.  0.  0.]
[  9.46697165e-10   4.18413047e-12   1.00000000e+00   3.46930145e-12
   3.24703128e-13   2.86477259e-10]
[ 0.  0.  1.  0.  0.  0.]
[  1.61243185e-18   3.12499056e-22   1.00000000e+00   7.50226206e-24
   4.05173328e-27   2.40149019e-18]
[ 1.  0.  0.  0.  0.  0.]
[  7.22774351e-03   6.76162454e-05   9.91311193e-01   3.85800704e-05
   1.31165097e-03   4.33417154e-05]
[ 0.  0.  1.  0.  0.  0.]
[  7.89515515e-31   2.68717872e-36   1.00000000e+00   0.00000000e+00
   0.00000000e+00   1.58944760e-30]
[ 0.  0.  0.  0.  1.  0.]
[  6.66188311e-19   1.51414139e-22   1.00000000e+00   1.10787878e-23
   2.93694879e-27   1.32160270e-18]
[ 1.  0.  0.  0.  0.  0.]
[  2.04061587e-14   2.69156481e-17   1.00000000e+00   4.40473304e-18
   7.16358201e-21   5.80981525e-14]
[ 0.  1.  0.  0.  0.  0.]
[  5.60734951e-17   2.79663497e-20   1.00000000e+00   3.45163002e-21
   1.95826200e-24   2.53159990e-16]
[ 1.  0.  0.  0.  0.  0.]
[  2.43322323e-31   3.83117063e-37   1.00000000e+00   0.00000000e+00
   0.00000000e+00   6.65757447e-31]
[ 0.  0.  0.  0.  0.  1.]
[  8.45317194e-20   2.37903429e-24   1.00000000e+00   1.00456383e-25
   1.23252102e-28   2.99761724e-20]
[ 0.  1.  0.  0.  0.  0.]
[  5.34472056e-05   1.80063338e-07   9.99944329e-01   2.15907917e-07
   7.86171597e-07   9.09638459e-07]
[ 0.  0.  1.  0.  0.  0.]
[  3.25005534e-09   4.87450635e-11   1.00000000e+00   2.09717903e-11
   3.70687530e-13   6.38765663e-09]
[ 0.  0.  0.  0.  0.  1.]
[  4.29609121e-13   6.05580184e-17   1.00000000e+00   5.25667448e-18
   3.20695881e-19   1.13098109e-14]
[ 0.  0.  0.  1.  0.  0.]
[ 0.60780168  0.044195    0.13097177  0.00501499  0.20920868  0.00280783]
[ 0.  0.  1.  0.  0.  0.]
check accuracy 0.15
[  4.78741759e-03   3.35990553e-05   9.94517505e-01   2.98013092e-05
   5.58557571e-04   7.31974505e-05]
[ 0.  0.  1.  0.  0.  0.]
[  2.47943590e-05   3.89264834e-08   9.99974489e-01   6.88501345e-08
   3.46782286e-07   2.02209961e-07]
[ 0.  0.  1.  0.  0.  0.]
[  5.52865420e-10   5.13023001e-12   1.00000000e+00   1.65702142e-12
   4.92763281e-14   1.20329649e-10]
[ 0.  0.  0.  0.  0.  1.]
[ 0.68557942  0.04781869  0.12921354  0.00433547  0.13080847  0.00224441]
[ 0.  0.  1.  0.  0.  0.]
[  4.40221726e-09   3.33375653e-11   1.00000000e+00   3.16414950e-11
   2.43942258e-12   2.24712049e-09]
[ 0.  0.  0.  0.  0.  1.]
[  8.82153591e-31   3.67649849e-36   1.00000000e+00   0.00000000e+00
   0.00000000e+00   1.84695911e-30]
[ 0.  0.  0.  0.  1.  0.]
[ 0.  0.  1.  0.  0.  0.]
[ 0.  0.  0.  1.  0.  0.]
[  2.49497684e-16   1.03375443e-19   1.00000000e+00   5.60276207e-21
   9.43352214e-24   3.45581528e-16]
[ 0.  0.  0.  1.  0.  0.]
[  3.52750364e-21   1.79482274e-25   1.00000000e+00   2.18098181e-27
   6.05296366e-31   3.30154359e-21]
[ 0.  0.  0.  0.  0.  1.]
[  8.60887061e-24   3.13404197e-28   1.00000000e+00   3.70285761e-30
   1.93640516e-34   1.14892211e-23]
[ 1.  0.  0.  0.  0.  0.]
[  1.18686083e-12   2.04360900e-16   1.00000000e+00   3.56188306e-17
   2.05692625e-18   5.75494581e-14]
[ 0.  1.  0.  0.  0.  0.]
[  3.06213819e-16   1.52179881e-19   1.00000000e+00   7.60003773e-21
   8.76307320e-24   5.92968750e-16]
[ 0.  0.  0.  0.  0.  1.]
[  1.82184601e-10   2.29220153e-13   1.00000000e+00   6.41918769e-14
   5.16366870e-15   2.18787852e-11]
[ 0.  0.  0.  0.  0.  1.]
[  1.44489178e-11   6.52879985e-14   1.00000000e+00   5.90247726e-14
   6.32525665e-16   2.82077122e-11]
[ 1.  0.  0.  0.  0.  0.]
[  3.21511205e-22   1.88804521e-26   1.00000000e+00   2.01003398e-28
   2.18261603e-32   3.97275426e-22]
[ 0.  0.  0.  0.  1.  0.]
[  3.52731502e-21   2.22501004e-25   1.00000000e+00   3.11889679e-27
   7.15513349e-31   2.95805098e-21]
[ 0.  0.  0.  0.  0.  1.]
[  4.62773969e-18   1.20855248e-21   1.00000000e+00   4.11870400e-23
   2.71785169e-26   2.33903289e-18]
[ 0.  1.  0.  0.  0.  0.]
[  2.01644711e-02   1.63475575e-04   9.73195016e-01   1.48617983e-04
   6.15030294e-03   1.78115850e-04]
[ 0.  0.  1.  0.  0.  0.]
[  6.18019326e-16   2.72907124e-19   1.00000000e+00   1.36059191e-20
   3.35839671e-23   5.50662101e-16]
[ 1.  0.  0.  0.  0.  0.]
[  4.75704773e-08   5.54236587e-11   1.00000000e+00   1.42951900e-11
   6.27025428e-12   1.76744908e-09]
[ 0.  0.  0.  0.  0.  1.]
check accuracy 0.05
[  3.83989887e-33   0.00000000e+00   1.00000000e+00   0.00000000e+00
   0.00000000e+00   1.16357344e-32]
[ 0.  0.  0.  0.  1.  0.]
[  1.00408646e-22   1.03872351e-26   1.00000000e+00   9.67129073e-29
   5.83187396e-33   2.28625699e-22]
[ 1.  0.  0.  0.  0.  0.]
[  7.95881347e-11   3.06311834e-13   1.00000000e+00   1.22598885e-13
   2.13980640e-15   6.72849346e-11]
[ 0.  1.  0.  0.  0.  0.]
[  3.91498945e-34   0.00000000e+00   1.00000000e+00   0.00000000e+00
   0.00000000e+00   8.11205529e-34]
[ 0.  0.  0.  0.  1.  0.]
[  7.21452943e-06   1.45186490e-07   9.99983907e-01   4.80967003e-07
   9.33427415e-08   8.14892428e-06]
[ 0.  0.  0.  0.  0.  1.]
[  2.63140747e-28   2.40514813e-33   1.00000000e+00   3.78187541e-36
   0.00000000e+00   5.16010991e-28]
[ 0.  0.  0.  1.  0.  0.]
[  2.03622044e-27   2.83831868e-32   1.00000000e+00   8.73285716e-35
   0.00000000e+00   5.46102828e-27]
[ 1.  0.  0.  0.  0.  0.]
[ 0.69112653  0.0108787   0.18779615  0.00156927  0.10726589  0.00136351]
[ 0.  0.  1.  0.  0.  0.]
[  1.61586371e-23   3.04369563e-28   1.00000000e+00   1.99990559e-30
   1.89660595e-34   5.65381218e-23]
[ 1.  0.  0.  0.  0.  0.]
[  1.83577906e-20   1.67047253e-24   1.00000000e+00   2.41901408e-26
   6.17684966e-30   3.97908287e-20]
[ 1.  0.  0.  0.  0.  0.]
[  8.13599836e-22   1.31488907e-26   1.00000000e+00   8.21014402e-28
   1.75345436e-31   1.84503120e-21]
[ 0.  1.  0.  0.  0.  0.]
[ 0.50629252  0.01846019  0.3564781   0.00325302  0.11379566  0.00172054]
[ 0.  0.  1.  0.  0.  0.]
[  1.02258110e-25   2.68673566e-30   1.00000000e+00   8.58056877e-33
   1.58252671e-37   1.97214474e-25]
[ 0.  0.  0.  1.  0.  0.]
[  2.77990261e-21   1.17224287e-25   1.00000000e+00   2.35757418e-27
   7.29803787e-31   4.87830170e-22]
[ 0.  1.  0.  0.  0.  0.]
[  4.39386094e-32   9.82201034e-38   1.00000000e+00   0.00000000e+00
   0.00000000e+00   1.19593443e-31]
[ 0.  0.  0.  1.  0.  0.]
[ 0.11443573  0.01076151  0.86015755  0.0053726   0.00722851  0.00204415]
[ 0.  0.  1.  0.  0.  0.]
[  7.51964045e-20   4.64300376e-24   1.00000000e+00   1.10962025e-25
   5.03792097e-29   8.34408362e-20]
[ 0.  1.  0.  0.  0.  0.]
[  1.04385563e-11   1.53354028e-13   1.00000000e+00   6.27850568e-14
   1.84325606e-16   6.36421540e-11]
[ 0.  1.  0.  0.  0.  0.]
[  4.16415171e-32   9.22122324e-38   1.00000000e+00   0.00000000e+00
   0.00000000e+00   6.55848148e-32]
[ 0.  0.  0.  0.  1.  0.]
[  1.67106933e-08   3.02464859e-10   1.00000000e+00   6.66940225e-10
   2.16075213e-11   2.70715166e-08]
[ 0.  1.  0.  0.  0.  0.]
check accuracy 0.15
[  1.24153465e-12   2.86080105e-15   1.00000000e+00   4.31618238e-16
   2.80449011e-18   8.93657327e-13]
[ 1.  0.  0.  0.  0.  0.]
[  4.89658497e-17   1.66468063e-20   1.00000000e+00   1.18798787e-21
   1.09159712e-24   5.27483581e-17]
[ 1.  0.  0.  0.  0.  0.]
[  5.85337623e-20   2.01565853e-24   1.00000000e+00   4.63210126e-26
   3.94403490e-29   2.66143116e-20]
[ 0.  1.  0.  0.  0.  0.]
[  5.57871939e-31   2.54475209e-36   1.00000000e+00   0.00000000e+00
   0.00000000e+00   1.52970005e-30]
[ 0.  0.  0.  1.  0.  0.]
[  2.01090159e-27   2.71349265e-32   1.00000000e+00   4.67935717e-35
   0.00000000e+00   5.26775081e-27]
[ 0.  0.  0.  1.  0.  0.]
[  1.19047396e-21   6.20025690e-26   1.00000000e+00   1.32977393e-27
   2.31924847e-31   2.47602663e-21]
[ 0.  0.  0.  0.  1.  0.]
[  2.71883696e-11   3.94094954e-15   1.00000000e+00   8.11766995e-16
   7.76350298e-17   9.77177540e-13]
[ 0.  1.  0.  0.  0.  0.]
[ 0.38907012  0.01668372  0.53923428  0.00404324  0.04964245  0.00132613]
[ 0.  0.  1.  0.  0.  0.]
[ 0.20137042  0.00266691  0.60684526  0.00158969  0.18599091  0.00153687]
[ 0.  0.  1.  0.  0.  0.]
[  1.98228871e-18   8.18175027e-22   1.00000000e+00   1.82752424e-23
   7.27109813e-27   3.99258906e-18]
[ 0.  1.  0.  0.  0.  0.]
[  4.27208692e-02   3.05414636e-04   8.91785860e-01   9.16304300e-04
   6.27438948e-02   1.52764714e-03]
[ 0.  0.  1.  0.  0.  0.]
[ 0.  0.  1.  0.  0.  0.]
[ 0.  0.  0.  1.  0.  0.]
[  5.40014463e-27   8.24515483e-32   1.00000000e+00   2.99939162e-34
   0.00000000e+00   1.61521397e-26]
[ 0.  0.  0.  0.  1.  0.]
[  2.10198510e-14   1.74265084e-17   1.00000000e+00   2.00926224e-18
   8.41966628e-21   1.87253150e-14]
[ 0.  0.  0.  0.  0.  1.]
[  3.61608391e-17   1.16301255e-20   1.00000000e+00   6.54869006e-22
   5.79627876e-25   3.29737155e-17]
[ 0.  1.  0.  0.  0.  0.]
[  1.65997296e-08   3.12897416e-11   1.00000000e+00   4.25843701e-11
   1.43787040e-11   1.70098136e-09]
[ 0.  0.  0.  0.  0.  1.]
[  3.56888918e-08   5.15686249e-09   9.99999762e-01   5.64585489e-09
   2.42658289e-11   2.55116760e-07]
[ 0.  1.  0.  0.  0.  0.]
[  2.45195307e-15   9.44045827e-19   1.00000000e+00   2.63204192e-19
   5.05225752e-22   9.65550729e-15]
[ 1.  0.  0.  0.  0.  0.]
[  1.10077353e-13   6.89531604e-17   1.00000000e+00   4.61350027e-17
   3.40294634e-19   4.73289864e-13]
[ 1.  0.  0.  0.  0.  0.]
[  7.05512981e-10   8.83360919e-12   1.00000000e+00   1.78416257e-11
   4.52484567e-13   8.20666590e-10]
[ 0.  0.  0.  0.  0.  1.]
check accuracy 0.25
[  1.61164941e-03   9.78695061e-06   9.98188198e-01   9.57967677e-06
   1.60110620e-04   2.05961242e-05]
[ 0.  0.  1.  0.  0.  0.]
[  6.89313950e-30   4.05422118e-35   1.00000000e+00   2.65220425e-38
   0.00000000e+00   1.47375575e-29]
[ 0.  0.  0.  0.  1.  0.]
[  5.31985339e-19   6.10826359e-23   1.00000000e+00   2.63787533e-24
   1.87566818e-27   2.66127009e-19]
[ 0.  1.  0.  0.  0.  0.]
[  2.08337974e-19   5.79347456e-24   1.00000000e+00   1.00839165e-25
   1.49643372e-28   9.90438536e-20]
[ 1.  0.  0.  0.  0.  0.]
[ 0.  0.  1.  0.  0.  0.]
[ 0.  0.  0.  1.  0.  0.]
[  2.07995392e-11   2.69553497e-14   1.00000000e+00   2.16918938e-14
   1.83141186e-15   6.60189872e-12]
[ 0.  1.  0.  0.  0.  0.]
[  3.81235499e-19   1.44622097e-22   1.00000000e+00   1.64542757e-24
   6.32080337e-28   4.97498060e-19]
[ 0.  0.  0.  1.  0.  0.]
[ 0.50521129  0.02626026  0.36933023  0.0049148   0.0924921   0.00179126]
[ 0.  0.  1.  0.  0.  0.]
[  1.40402306e-27   1.42218551e-32   1.00000000e+00   2.56942201e-35
   0.00000000e+00   2.58621866e-27]
[ 0.  0.  0.  1.  0.  0.]
[  1.23087466e-06   4.92920815e-09   9.99998689e-01   1.04167004e-08
   7.57509522e-09   7.40864579e-08]
[ 0.  0.  1.  0.  0.  0.]
[  6.82513320e-31   2.16703126e-36   1.00000000e+00   0.00000000e+00
   0.00000000e+00   1.22444071e-30]
[ 0.  0.  0.  0.  1.  0.]
[  1.74196239e-14   2.11207732e-17   1.00000000e+00   1.63394879e-18
   8.20006436e-21   1.98221719e-14]
[ 0.  0.  0.  0.  0.  1.]
[ 0.60053945  0.03909458  0.22028632  0.00493269  0.13283141  0.00231558]
[ 0.  0.  1.  0.  0.  0.]
[ 0.34730929  0.01451426  0.58541918  0.00369124  0.04770552  0.00136052]
[ 0.  0.  1.  0.  0.  0.]
[  6.74839178e-03   5.68473697e-05   9.92190659e-01   4.30237014e-05
   9.16320249e-04   4.47300154e-05]
[ 0.  0.  1.  0.  0.  0.]
[  3.71740070e-26   4.93075823e-31   1.00000000e+00   8.82700932e-34
   2.05949634e-38   4.86790041e-26]
[ 0.  0.  0.  0.  1.  0.]
[  4.06932005e-24   1.39339382e-28   1.00000000e+00   7.62208934e-32
   6.95752535e-36   6.36039047e-23]
[ 0.  0.  0.  0.  1.  0.]
[  2.90887745e-24   5.93419378e-30   1.00000000e+00   2.73727049e-31
   1.69932129e-35   2.17425999e-21]
[ 0.  0.  0.  1.  0.  0.]
[  5.27732132e-04   2.23778238e-06   9.99458373e-01   1.39267843e-06
   6.19797902e-06   4.11043629e-06]
[ 0.  0.  1.  0.  0.  0.]
[  8.96647023e-09   2.77191797e-10   1.00000000e+00   2.51319604e-10
   4.12662959e-12   4.33381224e-08]
[ 0.  0.  0.  0.  0.  1.]
check accuracy 0.05
[ 0.  0.  1.  0.  0.  0.]
[ 0.  0.  0.  1.  0.  0.]
[  2.54915839e-17   5.07356277e-21   1.00000000e+00   2.12950641e-22
   3.25879377e-25   1.50556913e-17]
[ 0.  0.  0.  0.  0.  1.]
[  1.10026193e-08   8.86234922e-12   1.00000000e+00   6.82478206e-12
   3.71835592e-12   3.57686658e-10]
[ 0.  0.  1.  0.  0.  0.]
[  3.41867093e-15   3.10171905e-18   1.00000000e+00   1.47985313e-19
   2.94442724e-22   6.74556922e-15]
[ 0.  0.  0.  0.  1.  0.]
[  3.94512228e-27   7.08948578e-33   1.00000000e+00   3.43138797e-35
   0.00000000e+00   1.86938233e-27]
[ 1.  0.  0.  0.  0.  0.]
[  3.37879396e-28   2.21461097e-33   1.00000000e+00   3.33820629e-36
   0.00000000e+00   7.11687111e-28]
[ 0.  0.  0.  1.  0.  0.]
[  6.29952258e-36   0.00000000e+00   1.00000000e+00   0.00000000e+00
   0.00000000e+00   1.97370007e-35]
[ 0.  0.  0.  1.  0.  0.]
[  0.00000000e+00   0.00000000e+00   1.00000000e+00   0.00000000e+00
   0.00000000e+00   1.82790080e-38]
[ 1.  0.  0.  0.  0.  0.]
[  2.59776484e-14   1.72396533e-17   1.00000000e+00   5.96414137e-18
   3.13917595e-20   1.08361611e-14]
[ 0.  0.  0.  0.  0.  1.]
[  2.21520775e-28   1.72012825e-33   1.00000000e+00   2.30410148e-36
   0.00000000e+00   4.38916257e-28]
[ 0.  0.  0.  0.  1.  0.]
[ 0.73478097  0.02226346  0.22762956  0.00123373  0.01302387  0.00106834]
[ 0.  0.  1.  0.  0.  0.]
[  1.72595662e-20   1.85215074e-24   1.00000000e+00   2.69955228e-26
   5.94652123e-30   2.87592669e-20]
[ 0.  0.  0.  1.  0.  0.]
[  6.54168637e-26   4.13255242e-31   1.00000000e+00   1.07637593e-32
   2.07358474e-37   3.24485065e-25]
[ 1.  0.  0.  0.  0.  0.]
[  4.38312563e-19   2.21408290e-22   1.00000000e+00   7.82457406e-24
   1.34512041e-27   1.39277383e-18]
[ 1.  0.  0.  0.  0.  0.]
[ 0.65731615  0.04668404  0.1536435   0.00471749  0.1352599   0.00237903]
[ 0.  0.  1.  0.  0.  0.]
[  4.29127754e-31   1.10944050e-36   1.00000000e+00   0.00000000e+00
   0.00000000e+00   6.99808274e-31]
[ 0.  0.  0.  0.  1.  0.]
[  1.43427464e-10   4.14419340e-13   1.00000000e+00   5.55987277e-13
   1.31197348e-14   7.05196526e-11]
[ 0.  1.  0.  0.  0.  0.]
[  3.13616309e-33   0.00000000e+00   1.00000000e+00   0.00000000e+00
   0.00000000e+00   1.06307308e-32]
[ 0.  0.  0.  1.  0.  0.]
[ 0.69399071  0.05504054  0.14624086  0.00463511  0.09754426  0.00254843]
[ 0.  0.  1.  0.  0.  0.]
[  6.78855097e-11   8.99827969e-14   1.00000000e+00   3.04756322e-14
   9.04597200e-16   5.01375226e-11]
[ 0.  1.  0.  0.  0.  0.]
check accuracy 0.15
[  3.84072028e-02   4.43186902e-04   9.47452068e-01   5.24836883e-04
   1.26303490e-02   5.42389811e-04]
[ 0.  0.  1.  0.  0.  0.]
[  5.31043491e-23   1.67238897e-27   1.00000000e+00   4.74183272e-29
   2.98866849e-33   1.20425360e-22]
[ 1.  0.  0.  0.  0.  0.]
[  4.46339324e-25   8.10186592e-30   1.00000000e+00   4.98771716e-32
   1.35317900e-36   8.43855554e-25]
[ 1.  0.  0.  0.  0.  0.]
[  3.24659060e-21   1.40946591e-25   1.00000000e+00   2.82719563e-27
   1.09377793e-30   1.10393978e-21]
[ 0.  1.  0.  0.  0.  0.]
[  5.84698627e-15   1.64647571e-17   1.00000000e+00   2.44878052e-18
   2.27212964e-21   4.07229894e-14]
[ 0.  0.  0.  0.  0.  1.]
[  4.09510457e-33   0.00000000e+00   1.00000000e+00   0.00000000e+00
   0.00000000e+00   1.00211452e-32]
[ 0.  0.  0.  0.  1.  0.]
[  3.60440354e-18   6.22919306e-22   1.00000000e+00   2.06100530e-23
   1.95568448e-26   3.23136121e-18]
[ 0.  0.  0.  0.  0.  1.]
[  1.35111403e-16   1.30633888e-20   1.00000000e+00   1.16799599e-21
   5.87871729e-24   4.50379296e-17]
[ 1.  0.  0.  0.  0.  0.]
[  7.16455460e-01   1.38335684e-02   2.59281009e-01   7.45142868e-04
   9.04380810e-03   6.41040853e-04]
[ 0.  0.  0.  0.  0.  1.]
[  5.44527747e-21   6.28577928e-25   1.00000000e+00   1.43092943e-26
   1.93941051e-30   7.72797122e-21]
[ 0.  1.  0.  0.  0.  0.]
[  4.86018135e-11   3.07639168e-13   1.00000000e+00   3.54406093e-13
   6.20261051e-15   2.40922473e-11]
[ 0.  1.  0.  0.  0.  0.]
[  6.64778277e-02   9.72084759e-04   9.07176137e-01   6.04467175e-04
   2.45459061e-02   2.23513853e-04]
[ 0.  0.  1.  0.  0.  0.]
[  1.19384762e-11   9.42051155e-15   1.00000000e+00   3.85844980e-15
   1.60683977e-16   1.54262660e-12]
[ 0.  0.  0.  0.  0.  1.]
[  4.21169176e-11   1.95328813e-14   1.00000000e+00   7.78801225e-15
   4.70345484e-16   3.69017924e-12]
[ 0.  0.  0.  0.  0.  1.]
[  5.48527552e-17   1.37931091e-20   1.00000000e+00   7.77388470e-22
   1.21611201e-24   4.41976597e-17]
[ 0.  0.  0.  1.  0.  0.]
[  1.28340962e-28   6.35640121e-34   1.00000000e+00   1.16829459e-36
   0.00000000e+00   3.16333729e-28]
[ 1.  0.  0.  0.  0.  0.]
[  4.72725488e-15   7.00405464e-19   1.00000000e+00   9.52313781e-20
   4.16334709e-22   3.45232706e-14]
[ 1.  0.  0.  0.  0.  0.]
[  1.28146203e-03   4.76105652e-06   9.98655438e-01   2.86253658e-06
   4.88202604e-05   6.62358298e-06]
[ 0.  0.  1.  0.  0.  0.]
[  5.02701147e-31   9.00298076e-37   1.00000000e+00   0.00000000e+00
   0.00000000e+00   8.98592174e-31]
[ 1.  0.  0.  0.  0.  0.]
[  2.70818899e-31   5.40153923e-37   1.00000000e+00   0.00000000e+00
   0.00000000e+00   6.97436362e-31]
[ 0.  0.  0.  1.  0.  0.]
check accuracy 0
[  7.99191475e-01   4.31414600e-03   1.68830797e-01   2.97261169e-04
   2.68216915e-02   5.44620503e-04]
[ 0.  0.  0.  0.  0.  1.]
[  1.56778815e-36   0.00000000e+00   1.00000000e+00   0.00000000e+00
   0.00000000e+00   6.76433432e-36]
[ 0.  0.  0.  1.  0.  0.]
[  5.83271061e-21   1.22672121e-24   1.00000000e+00   6.25973878e-27
   7.18774312e-31   1.73855141e-20]
[ 0.  0.  0.  1.  0.  0.]
[  5.83990981e-11   8.32555731e-14   1.00000000e+00   5.26158029e-14
   3.32865377e-15   7.36441637e-12]
[ 0.  1.  0.  0.  0.  0.]
[  6.19141328e-20   3.38361217e-24   1.00000000e+00   9.60802014e-26
   2.42977534e-29   3.80468444e-19]
[ 1.  0.  0.  0.  0.  0.]
[ 0.69112653  0.0108787   0.18779615  0.00156927  0.10726589  0.00136351]
[ 0.  0.  1.  0.  0.  0.]
[  1.46732516e-24   1.46542520e-29   1.00000000e+00   1.04622888e-31
   1.19921209e-35   3.12524800e-25]
[ 0.  1.  0.  0.  0.  0.]
[  2.01229779e-20   3.27157307e-25   1.00000000e+00   1.03835511e-26
   1.05984745e-29   1.11740921e-20]
[ 1.  0.  0.  0.  0.  0.]
[  1.62606058e-30   7.55831747e-36   1.00000000e+00   0.00000000e+00
   0.00000000e+00   5.43083506e-30]
[ 0.  0.  0.  1.  0.  0.]
[  1.23776990e-28   9.74202515e-34   1.00000000e+00   1.42105449e-36
   0.00000000e+00   2.51187415e-28]
[ 0.  0.  0.  0.  1.  0.]
[  1.91061662e-16   3.41512987e-20   1.00000000e+00   2.21370374e-21
   7.87322784e-24   3.96165647e-17]
[ 0.  0.  0.  0.  0.  1.]
[  3.53711033e-10   3.57815774e-13   1.00000000e+00   9.84126192e-13
   1.19725776e-13   4.73673253e-11]
[ 0.  0.  0.  0.  0.  1.]
[  5.40487383e-16   8.78310456e-20   1.00000000e+00   6.05165538e-21
   2.99782984e-23   1.50345794e-16]
[ 0.  0.  0.  1.  0.  0.]
[  2.78711096e-22   1.31832447e-26   1.00000000e+00   1.31401530e-28
   1.98259994e-32   5.11610351e-22]
[ 0.  0.  0.  1.  0.  0.]
[  3.03300780e-14   8.16611395e-18   1.00000000e+00   7.22379621e-19
   8.09198805e-21   9.57276911e-15]
[ 0.  0.  0.  0.  0.  1.]
[  5.47518454e-11   7.01107602e-14   1.00000000e+00   6.85298986e-14
   4.49038254e-15   2.42498712e-11]
[ 0.  0.  0.  0.  0.  1.]
[  5.83186743e-09   2.29996952e-10   1.00000000e+00   2.22769386e-10
   3.28531386e-12   1.37822278e-08]
[ 0.  0.  0.  0.  0.  1.]
[  4.09060830e-33   0.00000000e+00   1.00000000e+00   0.00000000e+00
   0.00000000e+00   1.63186284e-32]
[ 0.  0.  0.  1.  0.  0.]
[  3.25321638e-14   5.76835459e-17   1.00000000e+00   3.45756533e-18
   1.26296804e-20   3.57866067e-14]
[ 0.  1.  0.  0.  0.  0.]
[  3.71740070e-26   4.93075823e-31   1.00000000e+00   8.82700932e-34
   2.05949634e-38   4.86790041e-26]
[ 0.  0.  0.  0.  1.  0.]
check accuracy 0.2
[  1.38243824e-15   8.17134918e-18   1.00000000e+00   7.16020153e-19
   3.37308618e-22   4.21365942e-15]
[ 1.  0.  0.  0.  0.  0.]
[ 0.  0.  1.  0.  0.  0.]
[ 0.  0.  0.  1.  0.  0.]
[  7.52303034e-19   9.97626507e-23   1.00000000e+00   2.11615074e-24
   1.64440848e-27   5.01513352e-17]
[ 1.  0.  0.  0.  0.  0.]
[  1.90593972e-04   7.39414475e-07   9.99796569e-01   7.77015430e-07
   9.47440276e-06   1.88888328e-06]
[ 0.  0.  1.  0.  0.  0.]
[  5.84122275e-19   1.84700800e-23   1.00000000e+00   4.27050147e-25
   1.03403025e-27   6.06501621e-20]
[ 0.  1.  0.  0.  0.  0.]
[  3.36336169e-36   0.00000000e+00   1.00000000e+00   0.00000000e+00
   0.00000000e+00   2.20742256e-35]
[ 0.  0.  0.  1.  0.  0.]
[  1.17794462e-02   1.10764173e-04   9.86311495e-01   8.79738436e-05
   1.65555824e-03   5.46247247e-05]
[ 0.  0.  1.  0.  0.  0.]
[  1.84053686e-31   4.68453180e-37   1.00000000e+00   0.00000000e+00
   0.00000000e+00   4.71351370e-31]
[ 0.  0.  0.  0.  1.  0.]
[  6.08208913e-36   0.00000000e+00   1.00000000e+00   0.00000000e+00
   0.00000000e+00   1.80833849e-35]
[ 0.  0.  0.  1.  0.  0.]
[  3.46130097e-10   9.70407457e-13   1.00000000e+00   2.06025431e-12
   1.25165584e-13   2.87733448e-10]
[ 0.  0.  1.  0.  0.  0.]
[  7.42140674e-06   1.31254092e-08   9.99992490e-01   2.47766359e-08
   5.07052995e-08   6.97098841e-08]
[ 0.  0.  1.  0.  0.  0.]
[  1.17133411e-20   9.54508087e-25   1.00000000e+00   1.77188929e-26
   4.77342752e-30   1.10962313e-20]
[ 0.  0.  0.  0.  0.  1.]
[  5.15959917e-20   5.00439435e-24   1.00000000e+00   1.79590471e-25
   3.60381997e-29   5.81239072e-20]
[ 0.  0.  0.  0.  1.  0.]
[  3.10911219e-06   1.90228651e-08   9.99996185e-01   7.51613030e-08
   3.36435910e-08   6.05404182e-07]
[ 0.  0.  0.  0.  0.  1.]
[  6.14521686e-22   4.16791516e-26   1.00000000e+00   6.93958204e-28
   9.11131784e-32   1.44953002e-21]
[ 1.  0.  0.  0.  0.  0.]
[  2.06251570e-15   7.49038514e-19   1.00000000e+00   8.06105989e-20
   2.83660119e-22   1.05694402e-15]
[ 1.  0.  0.  0.  0.  0.]
[  2.78711096e-22   1.31832447e-26   1.00000000e+00   1.31401530e-28
   1.98259994e-32   5.11610351e-22]
[ 0.  0.  0.  1.  0.  0.]
[  8.23412692e-12   5.60164657e-15   1.00000000e+00   3.45973445e-15
   1.80000761e-16   6.80000002e-13]
[ 0.  1.  0.  0.  0.  0.]
[  0.00000000e+00   0.00000000e+00   1.00000000e+00   0.00000000e+00
   0.00000000e+00   2.93343869e-38]
[ 0.  0.  0.  1.  0.  0.]
[  9.90458962e-32   2.35373413e-37   1.00000000e+00   0.00000000e+00
   0.00000000e+00   2.40493049e-31]
[ 0.  0.  0.  0.  1.  0.]
check accuracy 0.1
[ 0.62552059  0.04024468  0.19120759  0.00465392  0.13610972  0.00226344]
[ 0.  0.  1.  0.  0.  0.]
[  1.97425510e-37   0.00000000e+00   1.00000000e+00   0.00000000e+00
   0.00000000e+00   1.09846607e-36]
[ 0.  0.  0.  1.  0.  0.]
[  2.14914096e-37   0.00000000e+00   1.00000000e+00   0.00000000e+00
   0.00000000e+00   6.48361473e-37]
[ 0.  0.  0.  0.  1.  0.]
[  4.62459281e-13   3.29897268e-15   1.00000000e+00   4.57224203e-16
   1.37674173e-18   9.61079632e-13]
[ 0.  0.  0.  0.  0.  1.]
[  9.26873809e-21   1.18800431e-24   1.00000000e+00   1.11984237e-26
   3.34326317e-30   2.33233913e-20]
[ 0.  0.  0.  1.  0.  0.]
[ 0.58188552  0.02437598  0.31290236  0.00330898  0.07620408  0.00132317]
[ 0.  0.  1.  0.  0.  0.]
[  9.93225483e-23   6.76934716e-27   1.00000000e+00   2.53150612e-29
   3.86703479e-33   1.43352750e-22]
[ 0.  0.  0.  1.  0.  0.]
[  3.15929640e-36   0.00000000e+00   1.00000000e+00   0.00000000e+00
   0.00000000e+00   1.04154389e-35]
[ 0.  0.  0.  0.  1.  0.]
[  3.96323340e-22   1.73870536e-26   1.00000000e+00   1.63872817e-28
   2.56166521e-32   4.47818691e-22]
[ 0.  0.  0.  0.  0.  1.]
[  2.55850246e-16   1.52163053e-19   1.00000000e+00   9.80659532e-21
   1.62267678e-23   3.31304549e-16]
[ 0.  0.  0.  0.  1.  0.]
[  5.66124544e-20   2.05131741e-24   1.00000000e+00   4.46402119e-26
   4.24280772e-29   1.98729916e-20]
[ 0.  1.  0.  0.  0.  0.]
[  1.30777757e-04   8.75879266e-07   9.99861360e-01   1.10189671e-06
   1.86129671e-06   3.97975873e-06]
[ 0.  0.  1.  0.  0.  0.]
[  1.78502319e-19   4.07710674e-23   1.00000000e+00   6.24726906e-25
   2.35914718e-28   2.93099533e-19]
[ 1.  0.  0.  0.  0.  0.]
[  7.82827023e-18   1.03687793e-20   1.00000000e+00   1.76359955e-21
   3.72170154e-25   1.15079471e-16]
[ 0.  0.  0.  0.  0.  1.]
[  1.49640744e-10   1.09036359e-12   1.00000000e+00   1.89740888e-12
   3.44392178e-14   3.77694431e-10]
[ 0.  0.  1.  0.  0.  0.]
[  1.26547705e-18   1.38063078e-22   1.00000000e+00   4.47345270e-24
   6.23133979e-27   1.25584463e-18]
[ 0.  1.  0.  0.  0.  0.]
[  5.44199928e-20   6.27189069e-24   1.00000000e+00   3.44584748e-25
   6.44114089e-29   1.13237265e-19]
[ 0.  0.  0.  0.  1.  0.]
[  6.68976039e-29   4.87272944e-34   1.00000000e+00   7.07893160e-37
   0.00000000e+00   1.18661587e-28]
[ 0.  0.  0.  0.  1.  0.]
[  4.80087060e-24   7.86222381e-29   1.00000000e+00   8.28845675e-31
   8.04459431e-35   6.97883313e-24]
[ 1.  0.  0.  0.  0.  0.]
[  2.41963605e-08   1.52947932e-10   1.00000000e+00   1.03204320e-10
   6.88109118e-12   2.20755396e-08]
[ 0.  0.  0.  0.  1.  0.]
check accuracy 0
[  5.66073227e-33   0.00000000e+00   1.00000000e+00   0.00000000e+00
   0.00000000e+00   2.41208634e-32]
[ 0.  0.  0.  1.  0.  0.]
[  1.61456421e-11   2.53294056e-14   1.00000000e+00   1.83753972e-14
   4.43380111e-16   6.24421305e-12]
[ 1.  0.  0.  0.  0.  0.]
[  2.28266031e-20   2.14976193e-24   1.00000000e+00   5.66639158e-26
   1.34895248e-29   3.53034546e-20]
[ 1.  0.  0.  0.  0.  0.]
[  6.06012634e-16   2.05624266e-19   1.00000000e+00   9.23147538e-21
   2.74827811e-23   7.08532949e-16]
[ 1.  0.  0.  0.  0.  0.]
[  1.18582921e-08   3.59589664e-10   1.00000000e+00   4.27452740e-10
   1.01952500e-11   1.92782927e-08]
[ 0.  1.  0.  0.  0.  0.]
[  7.30378065e-22   1.94033189e-26   1.00000000e+00   3.90493370e-28
   9.45650704e-32   1.02680478e-21]
[ 0.  0.  0.  0.  1.  0.]
[  2.94705462e-31   1.07456849e-36   1.00000000e+00   0.00000000e+00
   0.00000000e+00   7.98066719e-31]
[ 0.  0.  0.  1.  0.  0.]
[ 0.  0.  1.  0.  0.  0.]
[ 0.  0.  0.  1.  0.  0.]
[  6.94972482e-29   5.09365809e-34   1.00000000e+00   6.63028337e-37
   0.00000000e+00   1.31177147e-28]
[ 0.  0.  0.  0.  1.  0.]
[  3.99457051e-10   1.53384239e-12   1.00000000e+00   6.48060273e-13
   1.12396198e-14   4.07262585e-10]
[ 0.  1.  0.  0.  0.  0.]
[  1.54077586e-21   1.20999381e-25   1.00000000e+00   1.68183855e-27
   2.34007941e-31   1.69323791e-21]
[ 0.  0.  0.  0.  1.  0.]
[  9.24752604e-18   3.22281280e-21   1.00000000e+00   1.34534964e-22
   9.12059593e-26   1.02254239e-17]
[ 1.  0.  0.  0.  0.  0.]
[  4.80798157e-09   1.49489268e-10   1.00000000e+00   7.16378207e-11
   2.15597570e-12   6.34305053e-09]
[ 0.  1.  0.  0.  0.  0.]
[  2.19498207e-13   1.97280088e-16   1.00000000e+00   3.05395876e-17
   2.43530890e-19   1.70364347e-13]
[ 0.  1.  0.  0.  0.  0.]
[  1.38049179e-25   2.74376406e-30   1.00000000e+00   1.16014306e-32
   2.54530396e-37   3.81389990e-25]
[ 0.  0.  0.  0.  1.  0.]
[  2.00225104e-13   5.44551923e-16   1.00000000e+00   1.08415664e-16
   3.29662597e-19   4.84023368e-12]
[ 0.  1.  0.  0.  0.  0.]
[  3.97697865e-25   1.06182235e-29   1.00000000e+00   4.88699375e-32
   1.47195817e-36   6.32356276e-25]
[ 0.  0.  0.  1.  0.  0.]
[  1.09158321e-19   1.74441475e-23   1.00000000e+00   2.81137824e-25
   1.02707930e-28   1.86552880e-19]
[ 0.  0.  0.  0.  0.  1.]
[  1.20580233e-15   5.17268762e-19   1.00000000e+00   5.19945150e-20
   1.78475488e-22   7.50707355e-16]
[ 0.  1.  0.  0.  0.  0.]
[  5.47665582e-19   1.77966200e-23   1.00000000e+00   8.86379496e-25
   1.19532572e-27   2.73957514e-19]
[ 0.  1.  0.  0.  0.  0.]
check accuracy 0.05
[  2.88119726e-02   7.90630002e-04   9.51803327e-01   1.74744066e-03
   7.02416012e-03   9.82243381e-03]
[ 1.  0.  0.  0.  0.  0.]
[  5.52776047e-09   2.16283866e-11   1.00000000e+00   3.53517979e-11
   4.43269380e-12   6.49057030e-10]
[ 0.  0.  0.  0.  0.  1.]
[  1.64944587e-36   0.00000000e+00   1.00000000e+00   0.00000000e+00
   0.00000000e+00   3.34218177e-36]
[ 0.  0.  0.  0.  1.  0.]
[  2.30796166e-30   9.23714639e-36   1.00000000e+00   0.00000000e+00
   0.00000000e+00   6.68269178e-30]
[ 0.  0.  0.  1.  0.  0.]
[  1.04697459e-25   2.14841924e-30   1.00000000e+00   7.61781245e-33
   1.60055806e-37   1.74619058e-25]
[ 0.  1.  0.  0.  0.  0.]
[  1.35731654e-26   1.81490744e-31   1.00000000e+00   8.71811630e-34
   0.00000000e+00   2.90253420e-26]
[ 0.  0.  0.  0.  0.  1.]
[  2.59618968e-29   1.57917013e-34   1.00000000e+00   2.35477579e-37
   0.00000000e+00   4.69428241e-29]
[ 0.  0.  0.  0.  1.  0.]
[  1.49660657e-26   2.34993734e-31   1.00000000e+00   6.46418854e-34
   0.00000000e+00   2.61468964e-26]
[ 0.  0.  0.  0.  1.  0.]
[  3.15929640e-36   0.00000000e+00   1.00000000e+00   0.00000000e+00
   0.00000000e+00   1.04154389e-35]
[ 0.  0.  0.  0.  1.  0.]
[  4.83374119e-26   7.40957253e-31   1.00000000e+00   1.98172938e-33
   4.88694151e-38   8.98680204e-26]
[ 0.  0.  0.  1.  0.  0.]
[  2.82431531e-36   0.00000000e+00   1.00000000e+00   0.00000000e+00
   0.00000000e+00   1.35087418e-35]
[ 0.  0.  0.  1.  0.  0.]
[  2.92618516e-08   5.01750419e-10   9.99999881e-01   1.64213157e-10
   5.44625716e-12   7.11053829e-08]
[ 1.  0.  0.  0.  0.  0.]
[ 0.  0.  1.  0.  0.  0.]
[ 0.  0.  0.  1.  0.  0.]
[  1.37836692e-16   7.58090158e-20   1.00000000e+00   6.83629395e-21
   5.68868306e-24   2.61644930e-16]
[ 0.  1.  0.  0.  0.  0.]
[  7.98061270e-22   1.36511665e-25   1.00000000e+00   3.64789004e-27
   2.36670624e-31   5.98731462e-21]
[ 1.  0.  0.  0.  0.  0.]
[  8.43064704e-16   1.89578151e-19   1.00000000e+00   1.86768545e-20
   6.26421886e-23   7.17963178e-16]
[ 0.  1.  0.  0.  0.  0.]
[  1.36823739e-13   2.45029665e-16   1.00000000e+00   8.10757769e-17
   2.94306157e-19   9.41871974e-14]
[ 0.  1.  0.  0.  0.  0.]
[  6.91943839e-02   1.04118930e-03   9.28051054e-01   2.31205777e-04
   1.20697962e-03   2.75139493e-04]
[ 0.  0.  0.  1.  0.  0.]
[  1.63671976e-09   1.25142962e-12   1.00000000e+00   2.96049020e-13
   4.36803947e-14   1.68566175e-10]
[ 0.  0.  1.  0.  0.  0.]
[  5.06647728e-16   4.13656765e-19   1.00000000e+00   2.51743841e-20
   4.08302098e-23   2.57973969e-16]
[ 0.  0.  0.  0.  0.  1.]
check accuracy 0.05
[  2.07962939e-29   1.40851349e-34   1.00000000e+00   1.65916978e-37
   0.00000000e+00   4.36032315e-29]
[ 0.  0.  0.  0.  1.  0.]
[  6.99994533e-14   3.48131038e-17   1.00000000e+00   4.12459716e-17
   7.42551971e-19   2.27139254e-14]
[ 0.  1.  0.  0.  0.  0.]
[  1.47881368e-13   7.32620634e-17   1.00000000e+00   1.10645896e-17
   1.18257243e-19   4.97768873e-14]
[ 0.  0.  0.  1.  0.  0.]
[  1.79602265e-31   5.86000552e-37   1.00000000e+00   0.00000000e+00
   0.00000000e+00   3.52605940e-31]
[ 0.  0.  0.  0.  1.  0.]
[  3.16860066e-10   1.90649471e-13   9.99999762e-01   1.64792327e-14
   6.98991705e-16   2.69141623e-07]
[ 0.  0.  0.  0.  1.  0.]
[  1.45911007e-15   2.34143440e-18   1.00000000e+00   4.90362697e-19
   4.18695082e-22   7.47387483e-15]
[ 0.  1.  0.  0.  0.  0.]
[  1.72866389e-21   8.18800888e-26   1.00000000e+00   1.40498217e-27
   2.11592510e-31   3.31451595e-21]
[ 0.  0.  0.  1.  0.  0.]
[  9.58214649e-25   2.30968021e-29   1.00000000e+00   1.00124765e-31
   3.69271857e-36   1.47957272e-24]
[ 0.  0.  0.  1.  0.  0.]
[ 0.68810564  0.0565346   0.1298299   0.00471259  0.11844435  0.00237281]
[ 0.  0.  1.  0.  0.  0.]
[  9.91019529e-37   0.00000000e+00   1.00000000e+00   0.00000000e+00
   0.00000000e+00   2.44420406e-36]
[ 0.  0.  0.  1.  0.  0.]
[  1.00555663e-18   1.02176388e-22   1.00000000e+00   2.42791921e-24
   1.78965230e-27   2.18069232e-18]
[ 1.  0.  0.  0.  0.  0.]
[  1.95578084e-34   0.00000000e+00   1.00000000e+00   0.00000000e+00
   0.00000000e+00   5.29567736e-34]
[ 0.  0.  0.  0.  1.  0.]
[  2.19584317e-18   1.54185098e-22   1.00000000e+00   3.96914497e-24
   6.83277959e-27   9.94129752e-19]
[ 0.  0.  0.  1.  0.  0.]
[  5.37979090e-19   1.60247033e-22   1.00000000e+00   2.55240896e-24
   9.40536844e-28   7.24043184e-19]
[ 0.  0.  0.  1.  0.  0.]
[  9.00523644e-03   1.73761253e-03   7.94310093e-01   2.40258640e-03
   1.67089020e-04   1.92377374e-01]
[ 0.  0.  0.  0.  1.  0.]
[  3.90336567e-07   2.60801630e-10   9.99999642e-01   2.04450720e-10
   3.18038956e-10   8.46917825e-09]
[ 0.  0.  0.  0.  0.  1.]
[  1.01500841e-29   5.93764295e-35   1.00000000e+00   8.28561381e-38
   0.00000000e+00   2.32729811e-29]
[ 0.  0.  0.  0.  1.  0.]
[  1.00039760e-21   5.41006479e-26   1.00000000e+00   4.76628132e-28
   9.43906330e-32   1.39145461e-21]
[ 1.  0.  0.  0.  0.  0.]
[  1.84518503e-04   3.85621917e-07   9.99811590e-01   2.86088465e-07
   1.57060526e-06   1.73443095e-06]
[ 0.  0.  1.  0.  0.  0.]
[  5.21701488e-20   5.12725431e-24   1.00000000e+00   1.31240928e-25
   5.06783548e-29   9.51460428e-20]
[ 0.  0.  0.  0.  0.  1.]
check accuracy 0
[  1.00327170e-13   1.94857521e-16   1.00000000e+00   4.89735094e-17
   9.60020908e-20   8.88294050e-13]
[ 0.  1.  0.  0.  0.  0.]
[  1.14693928e-29   1.45753264e-34   1.00000000e+00   5.94386584e-38
   0.00000000e+00   9.82793865e-29]
[ 0.  0.  0.  0.  1.  0.]
[  1.30227585e-17   3.98999454e-21   1.00000000e+00   1.37911478e-22
   1.09861478e-25   1.83564166e-17]
[ 0.  1.  0.  0.  0.  0.]
[  2.05316115e-20   1.50261476e-24   1.00000000e+00   2.75098015e-26
   8.81767089e-30   3.52294640e-20]
[ 0.  1.  0.  0.  0.  0.]
[ 0.  0.  1.  0.  0.  0.]
[ 0.  0.  0.  1.  0.  0.]
[  8.92182662e-20   1.00602982e-23   1.00000000e+00   1.63391176e-25
   6.81795751e-29   7.58240601e-20]
[ 0.  0.  0.  0.  0.  1.]
[  2.03342308e-11   3.18711257e-14   1.00000000e+00   1.03955041e-14
   2.33121414e-16   1.93282248e-11]
[ 0.  0.  0.  0.  0.  1.]
[  4.44185725e-32   5.43458465e-38   1.00000000e+00   0.00000000e+00
   0.00000000e+00   3.78920627e-31]
[ 0.  0.  0.  1.  0.  0.]
[  2.92316037e-24   1.21147915e-28   1.00000000e+00   6.03369072e-31
   2.17633567e-35   4.31880007e-24]
[ 0.  0.  0.  0.  1.  0.]
[  5.03954905e-16   1.41943056e-19   1.00000000e+00   1.17542527e-20
   3.02799967e-23   3.32185331e-16]
[ 0.  1.  0.  0.  0.  0.]
[ 0.  0.  1.  0.  0.  0.]
[ 0.  0.  0.  1.  0.  0.]
[  3.50951493e-30   1.32502894e-35   1.00000000e+00   1.30684016e-38
   0.00000000e+00   7.86506907e-30]
[ 0.  0.  0.  0.  1.  0.]
[  5.63402779e-15   1.46857911e-17   1.00000000e+00   7.68025101e-19
   5.97756789e-22   1.63104376e-14]
[ 0.  0.  0.  1.  0.  0.]
[  2.77243165e-17   2.65947243e-20   1.00000000e+00   1.21960754e-21
   5.08542979e-25   7.52229116e-17]
[ 1.  0.  0.  0.  0.  0.]
[  2.66147260e-12   7.39698423e-14   1.00000000e+00   2.94342700e-15
   1.55547716e-18   6.06511369e-11]
[ 0.  0.  0.  1.  0.  0.]
[  1.18510158e-11   8.93167783e-14   1.00000000e+00   8.31013589e-14
   6.14457976e-16   2.34094254e-11]
[ 0.  0.  0.  0.  0.  1.]
[  1.10750195e-17   2.07212959e-22   1.00000000e+00   1.95833016e-23
   1.10055267e-25   2.26886791e-18]
[ 1.  0.  0.  0.  0.  0.]
[ 0.72993124  0.08482955  0.07081888  0.00376739  0.10805248  0.00260041]
[ 0.  0.  1.  0.  0.  0.]
[  1.15827894e-21   8.16813637e-26   1.00000000e+00   1.18217066e-27
   1.67907860e-31   1.57286192e-21]
[ 0.  0.  0.  0.  0.  1.]
[  1.50294075e-25   1.33261055e-30   1.00000000e+00   7.78402000e-33
   4.62543601e-37   1.09692292e-25]
[ 1.  0.  0.  0.  0.  0.]
check accuracy 0.1
[  2.30526427e-34   0.00000000e+00   1.00000000e+00   0.00000000e+00
   0.00000000e+00   6.98076825e-34]
[ 0.  0.  0.  0.  1.  0.]
[  2.72097371e-34   0.00000000e+00   1.00000000e+00   0.00000000e+00
   0.00000000e+00   8.09196536e-34]
[ 0.  0.  0.  1.  0.  0.]
[  1.49160207e-19   9.51310211e-23   1.00000000e+00   3.18439837e-24
   4.94285635e-28   1.99551209e-19]
[ 0.  1.  0.  0.  0.  0.]
[  2.61853282e-11   3.86330670e-13   1.00000000e+00   2.36485094e-13
   1.60013036e-15   5.11490295e-11]
[ 0.  1.  0.  0.  0.  0.]
[  2.18200752e-14   5.92003371e-17   1.00000000e+00   8.20508243e-18
   1.61415346e-20   1.22666659e-14]
[ 1.  0.  0.  0.  0.  0.]
[  9.95955546e-19   1.63750194e-22   1.00000000e+00   7.64244343e-24
   3.35210495e-27   1.77594995e-18]
[ 0.  1.  0.  0.  0.  0.]
[  4.67176375e-04   3.48159051e-06   9.99448478e-01   4.60847559e-06
   1.13340229e-05   6.49373033e-05]
[ 0.  0.  1.  0.  0.  0.]
[  3.93106075e-06   3.85410779e-08   9.99995828e-01   5.76350736e-08
   4.17731094e-08   2.34404268e-07]
[ 0.  0.  0.  0.  0.  1.]
[  4.17037092e-23   3.62345346e-27   1.00000000e+00   2.05645172e-29
   1.30494557e-33   2.12992874e-22]
[ 1.  0.  0.  0.  0.  0.]
[  1.20045885e-17   3.39820821e-21   1.00000000e+00   1.89668996e-22
   1.31547684e-25   1.37448607e-17]
[ 0.  1.  0.  0.  0.  0.]
[  6.88379204e-13   8.62510688e-17   1.00000000e+00   1.16079372e-17
   7.21721288e-19   2.90026114e-14]
[ 1.  0.  0.  0.  0.  0.]
[  2.91746488e-11   7.83861027e-14   1.00000000e+00   1.28257526e-13
   3.81764568e-15   9.66792531e-12]
[ 0.  0.  0.  0.  0.  1.]
[  6.41027815e-04   4.93083644e-06   9.99307156e-01   3.00372039e-06
   3.97379736e-05   4.14329224e-06]
[ 0.  0.  1.  0.  0.  0.]
[  2.53494814e-20   1.26485060e-24   1.00000000e+00   3.75676055e-26
   1.37292655e-29   2.83961378e-20]
[ 0.  1.  0.  0.  0.  0.]
[  1.46141072e-15   3.32695894e-19   1.00000000e+00   4.13251259e-20
   1.66652798e-22   2.06010187e-15]
[ 0.  1.  0.  0.  0.  0.]
[  3.31515667e-31   1.14563642e-36   1.00000000e+00   0.00000000e+00
   0.00000000e+00   8.86255126e-31]
[ 0.  0.  0.  0.  1.  0.]
[  4.97892312e-29   4.18881029e-34   1.00000000e+00   5.10444557e-37
   0.00000000e+00   1.03411653e-28]
[ 0.  0.  0.  0.  1.  0.]
[  2.18847606e-33   0.00000000e+00   1.00000000e+00   0.00000000e+00
   0.00000000e+00   8.15366302e-33]
[ 1.  0.  0.  0.  0.  0.]
[  1.26108546e-09   2.97654891e-12   1.00000000e+00   7.01482839e-12
   3.66085309e-13   3.79691789e-09]
[ 0.  0.  0.  0.  0.  1.]
[  9.67055226e-29   7.00643306e-34   1.00000000e+00   1.16169060e-36
   0.00000000e+00   1.92222133e-28]
[ 0.  0.  0.  0.  1.  0.]
check accuracy 0.1
[  2.45151359e-30   1.32885576e-35   1.00000000e+00   1.68854699e-38
   0.00000000e+00   4.90343193e-30]
[ 0.  0.  0.  0.  1.  0.]
[  1.51866999e-08   4.67432065e-11   1.00000000e+00   6.67204486e-11
   1.05593876e-11   1.27809907e-09]
[ 0.  1.  0.  0.  0.  0.]
[  1.13704458e-24   2.10173665e-29   1.00000000e+00   1.16111324e-31
   5.32516734e-36   1.58726506e-24]
[ 0.  0.  0.  1.  0.  0.]
[  1.69198650e-12   9.09541755e-16   1.00000000e+00   2.26508230e-16
   4.45820241e-18   1.11806330e-13]
[ 0.  0.  0.  0.  0.  1.]
[  1.52436465e-22   6.24116511e-27   1.00000000e+00   7.32465283e-29
   8.38634184e-33   1.64382318e-22]
[ 0.  0.  0.  0.  0.  1.]
[  2.55705374e-12   8.17953290e-15   1.00000000e+00   1.52113448e-15
   8.22454351e-18   1.08432219e-12]
[ 0.  1.  0.  0.  0.  0.]
[  4.54671846e-27   8.38356341e-32   1.00000000e+00   1.87001039e-34
   0.00000000e+00   8.25342024e-27]
[ 0.  0.  0.  0.  1.  0.]
[  2.27789924e-15   1.86044746e-19   1.00000000e+00   1.80733164e-20
   2.99457406e-22   1.27036347e-16]
[ 0.  1.  0.  0.  0.  0.]
[  1.57696839e-17   9.53563794e-21   1.00000000e+00   3.09641613e-22
   1.50770671e-25   2.30531068e-17]
[ 0.  1.  0.  0.  0.  0.]
[  1.16013484e-16   3.12363497e-20   1.00000000e+00   6.38458467e-21
   7.81225678e-24   1.33392284e-15]
[ 0.  1.  0.  0.  0.  0.]
[  6.72228681e-03   9.89839973e-05   9.90441680e-01   2.99649022e-04
   1.35019957e-03   1.08715217e-03]
[ 0.  0.  1.  0.  0.  0.]
[  1.74095972e-21   1.24799841e-25   1.00000000e+00   6.00206938e-27
   5.43644931e-31   1.22256123e-20]
[ 1.  0.  0.  0.  0.  0.]
[  7.05551356e-05   3.26957320e-07   9.99923944e-01   8.29330418e-07
   1.44212879e-06   2.88552474e-06]
[ 0.  0.  1.  0.  0.  0.]
[  2.71220098e-23   1.00654597e-27   1.00000000e+00   1.09151523e-29
   8.69095503e-34   5.83891618e-23]
[ 1.  0.  0.  0.  0.  0.]
[  7.08897861e-16   8.00806670e-20   1.00000000e+00   9.35612601e-21
   1.09733051e-22   2.95214037e-16]
[ 0.  0.  0.  1.  0.  0.]
[  1.38835900e-20   3.41406772e-24   1.00000000e+00   3.26283619e-25
   2.53568147e-29   3.02085274e-19]
[ 0.  0.  0.  0.  0.  1.]
[  1.28077114e-13   2.02786795e-16   1.00000000e+00   2.44934234e-17
   9.78627043e-20   1.57627993e-13]
[ 0.  0.  0.  0.  0.  1.]
[  1.79647855e-12   3.46423585e-16   1.00000000e+00   8.63890359e-17
   3.46790819e-18   3.70315811e-13]
[ 1.  0.  0.  0.  0.  0.]
[  2.60894251e-10   1.12246996e-12   1.00000000e+00   1.64030801e-12
   1.26582247e-14   2.30206854e-09]
[ 1.  0.  0.  0.  0.  0.]
[  1.74333117e-11   6.80617333e-14   1.00000000e+00   7.18100472e-15
   6.20759808e-17   2.25115517e-11]
[ 1.  0.  0.  0.  0.  0.]
check accuracy 0.05
[  1.67129807e-20   1.21297531e-24   1.00000000e+00   1.40591037e-26
   5.88204208e-30   2.04487594e-20]
[ 1.  0.  0.  0.  0.  0.]
[  1.32596209e-31   3.26801075e-37   1.00000000e+00   0.00000000e+00
   0.00000000e+00   3.51762218e-31]
[ 0.  0.  0.  0.  1.  0.]
[ 0.44683078  0.02400342  0.41239405  0.00566586  0.10807322  0.00303264]
[ 0.  0.  1.  0.  0.  0.]
[  8.37905083e-33   0.00000000e+00   1.00000000e+00   0.00000000e+00
   0.00000000e+00   1.61945991e-32]
[ 0.  0.  0.  1.  0.  0.]
[  5.31163679e-28   2.18615648e-33   1.00000000e+00   3.21039496e-36
   0.00000000e+00   6.54799570e-28]
[ 0.  0.  0.  1.  0.  0.]
[ 0.  0.  1.  0.  0.  0.]
[ 0.  0.  0.  1.  0.  0.]
[  1.43933153e-06   5.81068482e-09   9.99998450e-01   1.83793047e-09
   4.37076680e-10   1.15095965e-07]
[ 0.  0.  1.  0.  0.  0.]
[  9.14003088e-26   1.40300367e-30   1.00000000e+00   4.10373710e-33
   1.02907862e-37   1.80291313e-25]
[ 0.  0.  0.  0.  1.  0.]
[  3.16380086e-25   4.01227556e-30   1.00000000e+00   3.32436179e-32
   9.75506325e-37   4.96192573e-25]
[ 1.  0.  0.  0.  0.  0.]
[  9.79290976e-14   2.41810254e-17   1.00000000e+00   1.06809316e-17
   1.67437473e-19   2.40447886e-14]
[ 0.  1.  0.  0.  0.  0.]
[ 0.6056273   0.03348377  0.21722361  0.00438101  0.13720353  0.00208077]
[ 0.  0.  1.  0.  0.  0.]
[ 0.44683078  0.02400342  0.41239405  0.00566586  0.10807322  0.00303264]
[ 0.  0.  1.  0.  0.  0.]
[  3.28625394e-27   5.48148944e-32   1.00000000e+00   1.59553131e-34
   0.00000000e+00   6.18768435e-27]
[ 1.  0.  0.  0.  0.  0.]
[  1.88155114e-09   2.05753687e-12   1.00000000e+00   5.42935922e-13
   4.79482753e-14   2.70333589e-10]
[ 0.  1.  0.  0.  0.  0.]
[  4.66213548e-13   1.18084321e-16   1.00000000e+00   1.29985866e-17
   5.05226512e-19   3.34495513e-14]
[ 0.  1.  0.  0.  0.  0.]
[  1.44626631e-06   1.41969627e-08   9.99998450e-01   8.70854056e-09
   3.05251668e-09   6.22501091e-08]
[ 0.  0.  0.  0.  0.  1.]
[  1.60085121e-22   2.44592198e-27   1.00000000e+00   5.33256539e-29
   1.21677529e-32   4.11593952e-23]
[ 1.  0.  0.  0.  0.  0.]
[ 0.  0.  1.  0.  0.  0.]
[ 0.  0.  0.  1.  0.  0.]
[  9.04099295e-11   3.71901166e-14   1.00000000e+00   6.66545600e-15
   5.42640064e-16   9.16359176e-12]
[ 0.  0.  0.  0.  0.  1.]
[ 0.  0.  1.  0.  0.  0.]
[ 0.  0.  0.  1.  0.  0.]
check accuracy 0
[  1.59673166e-18   1.77815635e-22   1.00000000e+00   6.41633941e-24
   5.43194135e-27   1.65202392e-18]
[ 1.  0.  0.  0.  0.  0.]
[  1.00694330e-16   2.87374436e-20   1.00000000e+00   2.31874720e-21
   3.83027547e-24   4.68075701e-17]
[ 0.  0.  0.  0.  0.  1.]
[  3.99679855e-16   2.90312064e-19   1.00000000e+00   1.76218147e-20
   2.53247007e-23   4.07864575e-16]
[ 1.  0.  0.  0.  0.  0.]
[  4.65189866e-11   1.58504649e-14   1.00000000e+00   1.70566421e-15
   2.47105081e-16   1.26660856e-12]
[ 0.  1.  0.  0.  0.  0.]
[  1.54341828e-12   1.41504350e-15   1.00000000e+00   2.77407261e-16
   4.40171011e-18   6.78146504e-13]
[ 0.  1.  0.  0.  0.  0.]
[  2.43553438e-17   6.81671142e-21   1.00000000e+00   1.31960582e-21
   9.46458748e-25   6.78365063e-17]
[ 0.  1.  0.  0.  0.  0.]
[  2.44694850e-27   3.39256780e-32   1.00000000e+00   6.14658305e-35
   0.00000000e+00   5.45008168e-27]
[ 0.  0.  0.  0.  1.  0.]
[  3.32773755e-24   8.71963518e-29   1.00000000e+00   3.58631713e-31
   2.30117785e-35   7.49614050e-24]
[ 0.  0.  0.  1.  0.  0.]
[  1.66805111e-11   2.94708580e-14   1.00000000e+00   1.95912368e-14
   1.74521305e-16   7.28238581e-11]
[ 0.  0.  0.  0.  0.  1.]
[  3.31674369e-35   0.00000000e+00   1.00000000e+00   0.00000000e+00
   0.00000000e+00   1.05036619e-34]
[ 1.  0.  0.  0.  0.  0.]
[ 0.66467541  0.04905518  0.14316067  0.00473032  0.13600434  0.00237405]
[ 0.  0.  1.  0.  0.  0.]
[  3.39208456e-27   7.18338133e-32   1.00000000e+00   1.39917394e-34
   0.00000000e+00   9.31631633e-27]
[ 0.  0.  0.  1.  0.  0.]
[  6.25023037e-12   1.08125424e-14   1.00000000e+00   3.00290099e-15
   6.21999520e-17   1.39326430e-12]
[ 0.  1.  0.  0.  0.  0.]
[  7.07069901e-15   2.24608198e-18   1.00000000e+00   1.72953630e-19
   1.07574152e-21   3.21346809e-15]
[ 1.  0.  0.  0.  0.  0.]
[  8.29060743e-31   3.11064834e-36   1.00000000e+00   0.00000000e+00
   0.00000000e+00   1.44288678e-30]
[ 0.  0.  0.  0.  1.  0.]
[  8.83135348e-19   8.00039064e-23   1.00000000e+00   5.28194480e-24
   5.47926645e-27   3.54459740e-19]
[ 0.  1.  0.  0.  0.  0.]
[  2.91781211e-17   3.43688819e-21   1.00000000e+00   1.45647439e-22
   3.09261060e-25   4.01106232e-17]
[ 0.  0.  0.  0.  0.  1.]
[  1.06758430e-24   3.22330376e-29   1.00000000e+00   1.89897633e-31
   5.66260252e-36   2.03477165e-24]
[ 1.  0.  0.  0.  0.  0.]
[  2.02638571e-21   1.82997105e-25   1.00000000e+00   2.85738073e-27
   8.71862843e-31   3.87893666e-21]
[ 0.  0.  0.  1.  0.  0.]
[  2.44900857e-30   9.85542241e-36   1.00000000e+00   0.00000000e+00
   0.00000000e+00   4.82365593e-30]
[ 0.  0.  0.  0.  1.  0.]
check accuracy 0.2
[  3.10257022e-26   9.01228667e-31   1.00000000e+00   1.51932865e-33
   2.02398113e-38   7.73101745e-26]
[ 1.  0.  0.  0.  0.  0.]
[  1.50012533e-14   1.08243697e-17   1.00000000e+00   1.24880305e-18
   4.74087501e-21   1.13743218e-14]
[ 1.  0.  0.  0.  0.  0.]
[  5.69027883e-20   1.76542081e-24   1.00000000e+00   1.62644845e-26
   9.35426280e-30   1.26531841e-17]
[ 0.  0.  0.  1.  0.  0.]
[  4.84477775e-03   2.54472652e-05   9.93855417e-01   2.46087238e-05
   1.19894580e-03   5.07617406e-05]
[ 0.  0.  1.  0.  0.  0.]
[  3.23947649e-14   9.03713348e-18   1.00000000e+00   1.84216452e-18
   1.20231308e-20   1.46050096e-13]
[ 1.  0.  0.  0.  0.  0.]
[  3.12180544e-17   2.74584091e-20   1.00000000e+00   6.36879756e-21
   2.65053418e-24   3.39272483e-16]
[ 1.  0.  0.  0.  0.  0.]
[  2.30797715e-02   4.91865867e-05   9.72672164e-01   3.27612070e-05
   4.08980018e-03   7.61677220e-05]
[ 0.  0.  1.  0.  0.  0.]
[  1.76969348e-04   1.03595823e-06   9.99801695e-01   2.32946172e-06
   1.00381085e-05   7.90815648e-06]
[ 0.  0.  0.  0.  0.  1.]
[  8.36759041e-24   2.88184505e-28   1.00000000e+00   1.40300367e-30
   7.52176335e-35   1.34739825e-23]
[ 0.  0.  0.  1.  0.  0.]
[  1.94522580e-31   8.45377669e-37   1.00000000e+00   0.00000000e+00
   0.00000000e+00   4.53318394e-31]
[ 0.  0.  0.  0.  1.  0.]
[  4.56556559e-13   1.72418334e-16   1.00000000e+00   5.24744091e-17
   1.86087431e-18   5.73814339e-14]
[ 0.  1.  0.  0.  0.  0.]
[  2.81261039e-11   4.64249543e-14   1.00000000e+00   6.43706347e-14
   1.24931949e-15   6.56832921e-11]
[ 0.  0.  0.  0.  0.  1.]
[  2.84703127e-21   2.31799948e-25   1.00000000e+00   3.83497719e-27
   6.51233886e-31   5.45738023e-21]
[ 0.  0.  0.  0.  1.  0.]
[  8.17352221e-20   2.07308512e-23   1.00000000e+00   6.26844307e-25
   1.28079794e-28   1.25961991e-19]
[ 1.  0.  0.  0.  0.  0.]
[  2.39930044e-19   1.43148709e-25   1.00000000e+00   5.57079897e-27
   1.48254070e-29   2.23708839e-16]
[ 0.  0.  0.  1.  0.  0.]
[  6.75957835e-06   2.84056476e-08   9.99992967e-01   3.33036958e-08
   8.28422841e-08   1.52132458e-07]
[ 0.  0.  1.  0.  0.  0.]
[  1.16766585e-22   1.05128783e-27   1.00000000e+00   3.41140332e-29
   5.19632421e-33   1.43934665e-22]
[ 0.  0.  0.  0.  1.  0.]
[  3.89079129e-14   3.86455871e-17   1.00000000e+00   2.99859259e-18
   1.19545766e-20   4.63396750e-14]
[ 0.  0.  0.  0.  0.  1.]
[  3.61221768e-13   8.28086805e-17   1.00000000e+00   2.84243578e-17
   1.17948232e-18   5.60004686e-14]
[ 0.  0.  1.  0.  0.  0.]
[  6.86756529e-18   1.01805274e-21   1.00000000e+00   3.11945074e-23
   4.46471945e-26   1.16786918e-17]
[ 1.  0.  0.  0.  0.  0.]
check accuracy 0.15
[  3.85901203e-21   4.06885235e-25   1.00000000e+00   8.28382682e-27
   1.42041932e-30   7.43441177e-21]
[ 1.  0.  0.  0.  0.  0.]
[  1.55212998e-04   2.64706682e-06   9.99809086e-01   4.56424368e-06
   1.45017134e-06   2.71267290e-05]
[ 0.  0.  1.  0.  0.  0.]
[  1.82909521e-10   1.48510067e-12   1.00000000e+00   9.40752034e-13
   1.18976535e-14   2.74275075e-10]
[ 0.  0.  0.  0.  0.  1.]
[  3.49135574e-22   9.42005847e-27   1.00000000e+00   1.53427163e-28
   4.20184159e-32   2.66131680e-22]
[ 1.  0.  0.  0.  0.  0.]
[  3.15516363e-11   1.24969967e-13   1.00000000e+00   1.46644930e-13
   2.74644483e-15   7.18429344e-11]
[ 0.  0.  0.  0.  0.  1.]
[  1.32687143e-18   4.97221963e-23   1.00000000e+00   2.17274756e-24
   5.26136443e-27   3.69208809e-19]
[ 0.  1.  0.  0.  0.  0.]
[  9.62275148e-10   3.27126862e-13   1.00000000e+00   3.47779992e-13
   1.45063405e-13   2.80601720e-09]
[ 0.  0.  1.  0.  0.  0.]
[  3.27829441e-25   1.63899602e-29   1.00000000e+00   4.58558495e-32
   1.01297404e-36   6.13670380e-25]
[ 0.  0.  0.  0.  1.  0.]
[  1.30368780e-24   3.58060680e-29   1.00000000e+00   2.23310660e-31
   8.89392414e-36   2.80827126e-24]
[ 0.  0.  0.  1.  0.  0.]
[  1.21928223e-09   7.84925597e-12   1.00000000e+00   6.21190209e-12
   1.09174483e-13   1.29122768e-09]
[ 1.  0.  0.  0.  0.  0.]
[ 0.72970474  0.15131839  0.03018265  0.00440682  0.080134    0.00425348]
[ 0.  0.  1.  0.  0.  0.]
[  1.50798025e-21   8.48972846e-26   1.00000000e+00   3.77029676e-27
   3.79195388e-31   3.29922684e-21]
[ 0.  0.  0.  0.  1.  0.]
[  1.28170119e-22   7.05688619e-27   1.00000000e+00   1.48303359e-28
   7.97907566e-33   2.43010861e-22]
[ 0.  0.  0.  1.  0.  0.]
[  5.63939055e-03   4.71987005e-05   9.93801534e-01   3.43931715e-05
   4.46138438e-04   3.14335266e-05]
[ 0.  0.  1.  0.  0.  0.]
[  1.97296303e-12   1.11441097e-15   1.00000000e+00   8.72704716e-16
   3.36413826e-17   7.02599220e-13]
[ 0.  0.  0.  0.  0.  1.]
[  1.48349117e-29   8.17233806e-35   1.00000000e+00   8.56226937e-38
   0.00000000e+00   2.25180873e-29]
[ 0.  0.  0.  0.  1.  0.]
[  4.43772770e-08   1.21111654e-09   9.99999881e-01   1.36994005e-09
   3.42068630e-11   8.24211028e-08]
[ 0.  0.  0.  0.  0.  1.]
[  7.51030283e-18   9.86531020e-22   1.00000000e+00   2.62280553e-23
   4.08486875e-26   4.00285230e-18]
[ 0.  0.  0.  1.  0.  0.]
[  3.64819542e-03   3.39772014e-05   9.95340705e-01   7.06954743e-05
   7.95883359e-04   1.10444940e-04]
[ 0.  0.  0.  0.  0.  1.]
[  3.92968702e-32   1.98854720e-38   1.00000000e+00   0.00000000e+00
   0.00000000e+00   6.51875141e-31]
[ 0.  0.  0.  1.  0.  0.]
check accuracy 0.1
[  6.08368071e-24   1.69216635e-28   1.00000000e+00   1.36484768e-30
   7.58828038e-35   9.59125803e-24]
[ 0.  0.  0.  1.  0.  0.]
[  2.34242632e-25   3.04047802e-30   1.00000000e+00   9.16796844e-33
   2.53408527e-37   6.32937913e-25]
[ 1.  0.  0.  0.  0.  0.]
[  1.29005117e-20   9.58474184e-25   1.00000000e+00   9.21199409e-27
   3.80928104e-30   1.73418642e-20]
[ 1.  0.  0.  0.  0.  0.]
[  3.43764615e-30   1.60348091e-35   1.00000000e+00   1.81866428e-38
   0.00000000e+00   6.77287495e-30]
[ 0.  0.  0.  0.  1.  0.]
[  3.08893497e-08   2.98085133e-11   1.00000000e+00   1.85874545e-11
   5.17599245e-12   3.94763511e-09]
[ 1.  0.  0.  0.  0.  0.]
[  1.22948506e-04   8.42575957e-07   9.99866605e-01   1.12308373e-06
   5.34867195e-06   3.14191493e-06]
[ 0.  0.  1.  0.  0.  0.]
[ 0.68967551  0.05450979  0.13555068  0.00468837  0.11330342  0.00227235]
[ 0.  0.  1.  0.  0.  0.]
[  9.55245377e-22   3.28560382e-26   1.00000000e+00   5.37978630e-28
   1.01197627e-31   1.10642717e-21]
[ 1.  0.  0.  0.  0.  0.]
[  1.18588818e-34   0.00000000e+00   1.00000000e+00   0.00000000e+00
   0.00000000e+00   3.00727386e-34]
[ 0.  0.  0.  0.  1.  0.]
[  1.45405959e-37   0.00000000e+00   1.00000000e+00   0.00000000e+00
   0.00000000e+00   4.73848605e-37]
[ 0.  0.  0.  0.  1.  0.]
[  7.90202473e-31   3.34251324e-36   1.00000000e+00   0.00000000e+00
   0.00000000e+00   2.17404276e-30]
[ 0.  0.  0.  0.  1.  0.]
[  6.09825615e-29   1.19114737e-34   1.00000000e+00   9.01370327e-37
   0.00000000e+00   3.55571325e-28]
[ 0.  0.  0.  0.  0.  1.]
[  6.66036201e-33   1.32646829e-38   1.00000000e+00   0.00000000e+00
   0.00000000e+00   1.62188348e-32]
[ 0.  0.  0.  1.  0.  0.]
[  1.20402250e-13   1.46216826e-16   1.00000000e+00   1.79770196e-16
   1.25603147e-18   4.65874843e-13]
[ 1.  0.  0.  0.  0.  0.]
[  6.13030101e-15   7.51121934e-18   1.00000000e+00   6.97403419e-19
   1.16121658e-21   9.48433379e-15]
[ 1.  0.  0.  0.  0.  0.]
[  8.71363179e-33   0.00000000e+00   1.00000000e+00   0.00000000e+00
   0.00000000e+00   1.63883720e-32]
[ 0.  0.  0.  1.  0.  0.]
[  5.72004155e-16   1.49376579e-19   1.00000000e+00   8.47463905e-21
   2.77958169e-23   3.38268351e-16]
[ 0.  0.  0.  1.  0.  0.]
[  1.06753064e-02   1.36067902e-04   9.87184942e-01   7.81514536e-05
   1.86600047e-03   5.95732818e-05]
[ 0.  0.  1.  0.  0.  0.]
[  1.38049179e-25   2.74376406e-30   1.00000000e+00   1.16014306e-32
   2.54530396e-37   3.81389990e-25]
[ 0.  0.  0.  0.  1.  0.]
[  1.58749565e-16   8.89800059e-20   1.00000000e+00   5.29801589e-21
   4.75699140e-24   1.05615003e-15]
[ 0.  1.  0.  0.  0.  0.]
check accuracy 0.2
[  4.63564992e-02   3.42188723e-04   9.23629999e-01   4.04402206e-04
   2.84839440e-02   7.82908872e-04]
[ 0.  0.  1.  0.  0.  0.]
[  2.77425747e-20   2.72675432e-24   1.00000000e+00   3.27411850e-26
   1.15401391e-29   5.03427452e-20]
[ 0.  1.  0.  0.  0.  0.]
[  1.31957231e-05   8.40432577e-08   9.99985576e-01   1.02657218e-07
   2.68555027e-07   8.50768117e-07]
[ 0.  0.  1.  0.  0.  0.]
[  2.11666884e-15   2.08628263e-19   1.00000000e+00   3.57862955e-20
   3.51476787e-22   1.66826315e-16]
[ 1.  0.  0.  0.  0.  0.]
[  5.79281312e-31   1.77123157e-36   1.00000000e+00   0.00000000e+00
   0.00000000e+00   1.20019910e-30]
[ 0.  0.  0.  0.  1.  0.]
[  9.35235722e-33   0.00000000e+00   1.00000000e+00   0.00000000e+00
   0.00000000e+00   2.49215029e-32]
[ 0.  0.  0.  0.  1.  0.]
[ 0.67002952  0.05145039  0.13395792  0.00474213  0.13733724  0.00248291]
[ 0.  0.  1.  0.  0.  0.]
[  4.25863375e-29   3.24541753e-34   1.00000000e+00   1.66948031e-37
   0.00000000e+00   1.55182431e-28]
[ 0.  0.  0.  0.  1.  0.]
[  9.24915089e-10   2.50905503e-12   1.00000000e+00   5.09968413e-12
   3.44090316e-13   9.02407926e-10]
[ 0.  0.  1.  0.  0.  0.]
[ 0.83551151  0.02994811  0.06397817  0.0014385   0.06792127  0.00120246]
[ 0.  0.  1.  0.  0.  0.]
[ 0.  0.  1.  0.  0.  0.]
[ 0.  0.  0.  1.  0.  0.]
[  5.21489895e-15   5.25092226e-18   1.00000000e+00   5.78580320e-19
   1.05706584e-21   6.83746256e-15]
[ 0.  0.  0.  0.  0.  1.]
[  1.84670989e-33   0.00000000e+00   1.00000000e+00   0.00000000e+00
   0.00000000e+00   5.95729700e-33]
[ 0.  0.  0.  0.  1.  0.]
[  1.06670687e-28   6.64830080e-34   1.00000000e+00   6.33371211e-37
   0.00000000e+00   2.47810610e-28]
[ 0.  0.  0.  1.  0.  0.]
[  1.81248007e-30   6.66322343e-36   1.00000000e+00   0.00000000e+00
   0.00000000e+00   3.50007600e-30]
[ 0.  0.  0.  0.  1.  0.]
[  2.76034395e-09   1.12801201e-11   1.00000000e+00   1.37875692e-11
   6.90318571e-13   4.19914881e-10]
[ 0.  0.  0.  0.  0.  1.]
[  2.06022923e-21   9.22437613e-26   1.00000000e+00   2.12378939e-27
   4.21756559e-31   2.25659031e-21]
[ 0.  0.  0.  0.  1.  0.]
[  2.02197648e-10   4.97461610e-13   1.00000000e+00   5.33952927e-13
   2.98173385e-14   1.39349948e-10]
[ 0.  0.  1.  0.  0.  0.]
[  6.30870793e-29   2.62699638e-34   1.00000000e+00   5.88918302e-37
   0.00000000e+00   1.92473815e-28]
[ 1.  0.  0.  0.  0.  0.]
[  1.09418545e-25   1.37284725e-30   1.00000000e+00   8.65492981e-33
   2.85504540e-37   1.82123812e-25]
[ 0.  0.  0.  0.  1.  0.]
check accuracy 0.1
[  1.96998879e-08   3.51438366e-12   1.00000000e+00   2.36641219e-13
   1.62034082e-13   2.61749067e-10]
[ 0.  1.  0.  0.  0.  0.]
[  1.11176574e-03   5.58881675e-06   9.98832166e-01   4.52105178e-06
   4.01405887e-05   5.85608541e-06]
[ 0.  0.  1.  0.  0.  0.]
[  4.30396795e-15   1.97480148e-18   1.00000000e+00   1.98141849e-19
   3.60203204e-22   1.82368836e-14]
[ 1.  0.  0.  0.  0.  0.]
[  1.26780021e-12   2.33009393e-16   1.00000000e+00   5.56916950e-17
   3.09746238e-18   1.06251576e-13]
[ 0.  0.  0.  1.  0.  0.]
[  3.18524993e-16   1.91368467e-19   1.00000000e+00   1.08568158e-20
   1.71840537e-23   2.32633708e-16]
[ 0.  0.  0.  0.  0.  1.]
[  9.93225483e-23   6.76934716e-27   1.00000000e+00   2.53150612e-29
   3.86703479e-33   1.43352750e-22]
[ 0.  0.  0.  1.  0.  0.]
[  9.77696835e-37   0.00000000e+00   1.00000000e+00   0.00000000e+00
   0.00000000e+00   5.20915723e-36]
[ 0.  0.  0.  1.  0.  0.]
[  5.69260817e-18   7.87602969e-22   1.00000000e+00   3.20565588e-23
   4.83741217e-26   5.37632657e-18]
[ 1.  0.  0.  0.  0.  0.]
[  1.24841018e-14   1.78784543e-18   1.00000000e+00   3.01379689e-19
   7.28175171e-21   1.99114364e-15]
[ 0.  1.  0.  0.  0.  0.]
[  1.81537089e-24   8.52603228e-29   1.00000000e+00   3.75530384e-31
   1.04105127e-35   8.56402939e-24]
[ 1.  0.  0.  0.  0.  0.]
[  3.03180375e-22   1.40062685e-26   1.00000000e+00   1.61567455e-28
   2.04812655e-32   3.80666736e-22]
[ 0.  0.  0.  0.  0.  1.]
[ 0.69194043  0.06879324  0.12208679  0.00490173  0.10974465  0.00253324]
[ 0.  0.  1.  0.  0.  0.]
[  2.51056687e-09   4.30798522e-11   1.00000000e+00   5.64945903e-11
   1.03293426e-12   4.32520553e-09]
[ 0.  0.  0.  0.  0.  1.]
[  1.06310232e-07   6.28535979e-09   9.99999523e-01   6.64650646e-09
   1.33521097e-10   3.42035946e-07]
[ 0.  0.  0.  0.  0.  1.]
[  4.42275626e-11   1.14984872e-13   1.00000000e+00   8.30419446e-14
   1.73148061e-15   8.88403309e-11]
[ 0.  0.  1.  0.  0.  0.]
[  2.15210965e-12   2.17431642e-15   1.00000000e+00   1.12586243e-15
   1.64167790e-17   1.06017202e-12]
[ 0.  0.  0.  1.  0.  0.]
[  2.70270113e-29   2.03839720e-34   1.00000000e+00   1.00722834e-37
   0.00000000e+00   4.15107357e-29]
[ 0.  0.  0.  1.  0.  0.]
[  8.87290328e-12   3.27461116e-15   1.00000000e+00   7.12745614e-16
   2.29446700e-17   1.35756456e-12]
[ 0.  1.  0.  0.  0.  0.]
[  1.14854674e-28   4.80080939e-34   1.00000000e+00   6.75476441e-37
   0.00000000e+00   2.45213349e-28]
[ 0.  0.  0.  0.  1.  0.]
[  2.10796181e-12   1.13202133e-14   1.00000000e+00   3.08028741e-15
   2.53662561e-17   3.88289227e-12]
[ 0.  1.  0.  0.  0.  0.]
check accuracy 0.2
[ 0.  0.  1.  0.  0.  0.]
[ 0.  0.  0.  1.  0.  0.]
[  1.26114763e-36   0.00000000e+00   1.00000000e+00   0.00000000e+00
   0.00000000e+00   3.39989356e-36]
[ 0.  0.  0.  1.  0.  0.]
[  6.92142150e-20   5.39362660e-24   1.00000000e+00   9.97263535e-26
   5.75616465e-29   7.05804201e-20]
[ 0.  0.  0.  0.  1.  0.]
[ 0.  0.  1.  0.  0.  0.]
[ 0.  0.  0.  1.  0.  0.]
[  9.67466706e-25   2.58628498e-29   1.00000000e+00   1.03830099e-31
   3.72278824e-36   1.58629052e-24]
[ 0.  0.  0.  0.  1.  0.]
[  2.97359901e-19   6.64504241e-23   1.00000000e+00   5.46608072e-24
   1.48482891e-27   6.67042737e-19]
[ 0.  1.  0.  0.  0.  0.]
[  1.24782546e-20   4.25937311e-25   1.00000000e+00   5.43274908e-27
   4.15086578e-30   1.46757447e-20]
[ 0.  0.  0.  1.  0.  0.]
[  1.28791054e-30   4.42095469e-36   1.00000000e+00   0.00000000e+00
   0.00000000e+00   2.64710062e-30]
[ 0.  0.  0.  0.  1.  0.]
[  5.59796003e-12   9.99752564e-15   1.00000000e+00   1.02299600e-15
   1.67919286e-17   2.77489338e-12]
[ 1.  0.  0.  0.  0.  0.]
[ 0.40748939  0.016484    0.48244756  0.00385629  0.08796728  0.0017555 ]
[ 0.  0.  1.  0.  0.  0.]
[  6.29952258e-36   0.00000000e+00   1.00000000e+00   0.00000000e+00
   0.00000000e+00   1.97370007e-35]
[ 0.  0.  0.  1.  0.  0.]
[  2.44151801e-03   2.36969536e-05   9.97024715e-01   4.28858693e-05
   3.82836617e-04   8.44287206e-05]
[ 0.  0.  1.  0.  0.  0.]
[  6.91506593e-03   6.41502920e-05   9.92477834e-01   3.42054263e-05
   4.88136720e-04   2.05316828e-05]
[ 0.  0.  1.  0.  0.  0.]
[  1.12586237e-01   1.13482762e-03   8.62927616e-01   3.92247050e-04
   2.25998908e-02   3.59210739e-04]
[ 0.  0.  1.  0.  0.  0.]
[  3.59449623e-11   5.89151056e-14   1.00000000e+00   1.55070218e-14
   3.03914283e-16   9.53508193e-12]
[ 0.  0.  0.  0.  1.  0.]
[  4.07127544e-17   7.33597970e-21   1.00000000e+00   8.04556789e-22
   1.03329833e-24   2.84680891e-17]
[ 0.  1.  0.  0.  0.  0.]
[  3.98657164e-07   1.31307798e-09   9.99999642e-01   2.39318743e-09
   1.41993017e-09   5.73121284e-08]
[ 0.  0.  0.  0.  0.  1.]
[  4.16091710e-30   2.15250723e-35   1.00000000e+00   1.46246416e-38
   0.00000000e+00   1.00920174e-29]
[ 0.  0.  0.  1.  0.  0.]
[  1.65380753e-19   7.84411966e-24   1.00000000e+00   2.53047818e-25
   2.01914074e-28   2.37225267e-19]
[ 1.  0.  0.  0.  0.  0.]
[  9.82681379e-29   7.36596398e-34   1.00000000e+00   1.04857958e-36
   0.00000000e+00   1.80641444e-28]
[ 0.  0.  0.  0.  1.  0.]
